,Pmin,w10max,div100,div200,div250,div300,div400,div500,eqt1000,eqt200,eqt250,eqt300,eqt400,eqt500,eqt600,eqt700,eqt850,eqt925,sh850_200,sh850_250,sh925_200,sh925_250,wstrss10,2mdewtmp,2mtmp,conv_ppt,tot_cld_ice,tot_cldwtr,tot_cld_rain,vi_div_cld_froz_wtr,vi_div_cld_liq_wtr,vi_div_mass_flux,vi_div_moisture_flux,vi_div_tot_enrgy_flux,vi_pe_inte,vi_pe_ie_latentenrgy,vi_olr,vi_tot_enrgy,vi_moisture_div,cape,inst_moisture_flux,inst_ssh_flux,surfmean_lhf,surfmean_shf,vimean_moisture_div,surf_lhf,surf_shf,tot_suprcool_liqwtr,tot_wtr_vpr,conv_rrate,ls_rrate,mn_conv_prate,mn_ls_prate,mn_tot_prate,sst,vort_10,vort_20,vort_30,vort_50,vort_70,vort_100,vort_150,vort_200,vort_250,vort_300,vort_400,vort_500,vort_600,vort_700,vort_800,vort_850,vort_900,vort_925,vort_950,vort_975,vort_1000,rhum_10,rhum_20,rhum_30,rhum_50,rhum_70,rhum_100,rhum_150,rhum_200,rhum_250,rhum_300,rhum_400,rhum_500,rhum_600,rhum_700,rhum_800,rhum_850,rhum_900,rhum_925,rhum_950,rhum_975,rhum_1000,gpot_10,gpot_20,gpot_30,gpot_50,gpot_70,gpot_100,gpot_150,gpot_200,gpot_250,gpot_300,gpot_400,gpot_500,gpot_600,gpot_700,gpot_800,gpot_850,gpot_900,gpot_925,gpot_950,gpot_975,gpot_1000,vvel_10,vvel_20,vvel_30,vvel_50,vvel_70,vvel_100,vvel_150,vvel_200,vvel_250,vvel_300,vvel_400,vvel_500,vvel_600,vvel_700,vvel_850,vvel_925,vvel_975,vvel_1000,out_div100,out_div200,out_div250,out_div300,out_div400,out_div500,out_eqt1000,out_eqt200,out_eqt250,out_eqt300,out_eqt400,out_eqt500,out_eqt600,out_eqt700,out_eqt850,out_eqt925,out_sh850_200,out_sh850_250,out_sh925_200,out_sh925_250,out_wstrss10,out2mdewtmp,out2mtmp,outconv_ppt,outtot_cld_ice,outtot_cldwtr,outtot_cld_rain,outvi_div_cld_froz_wtr,outvi_div_cld_liq_wtr,outvi_div_mass_flux,outvi_div_moisture_flux,outvi_div_tot_enrgy_flux,outvi_pe_inte,outvi_pe_ie_latentenrgy,outvi_olr,outvi_tot_enrgy,outvi_moisture_div,outcape,outinst_moisture_flux,outinst_ssh_flux,outsurfmean_lhf,outsurfmean_shf,outvimean_moisture_div,outsurf_lhf,outsurf_shf,outtot_suprcool_liqwtr,outtot_wtr_vpr,outconv_rrate,outls_rrate,outmn_conv_prate,outmn_ls_prate,outmn_tot_prate,outsst,outvort_10,outvort_20,outvort_30,outvort_50,outvort_70,outvort_100,outvort_150,outvort_200,outvort_250,outvort_300,outvort_400,outvort_500,outvort_600,outvort_700,outvort_800,outvort_850,outvort_900,outvort_925,outvort_950,outvort_975,outvort_1000,outrhum_10,outrhum_20,outrhum_30,outrhum_50,outrhum_70,outrhum_100,outrhum_150,outrhum_200,outrhum_250,outrhum_300,outrhum_400,outrhum_500,outrhum_600,outrhum_700,outrhum_800,outrhum_850,outrhum_900,outrhum_925,outrhum_950,outrhum_975,outrhum_1000,outgpot_10,outgpot_20,outgpot_30,outgpot_50,outgpot_70,outgpot_100,outgpot_150,outgpot_200,outgpot_250,outgpot_300,outgpot_400,outgpot_500,outgpot_600,outgpot_700,outgpot_800,outgpot_850,outgpot_900,outgpot_925,outgpot_950,outgpot_975,outgpot_1000,outvvel_10,outvvel_20,outvvel_30,outvvel_50,outvvel_70,outvvel_100,outvvel_150,outvvel_200,outvvel_250,outvvel_300,outvvel_400,outvvel_500,outvvel_600,outvvel_700,outvvel_850,outvvel_925,outvvel_975,outvvel_1000
0,1004.1625,12.055098533630373,2.3670054360991344e-06,5.928226073592668e-06,-6.653255695709959e-06,-1.958937536983285e-05,5.8095642998523545e-06,6.75042701914208e-06,335.6128845214844,350.3714599609375,348.9127197265625,346.4151916503906,342.6264953613281,341.6359558105469,340.8153991699219,340.7464599609375,334.1407470703125,330.9106750488281,10.967018127441406,11.711636543273926,10.628978729248049,11.426231384277344,1.1534781455993652,297.045654296875,299.7704849243164,0.0004518618807196,0.067644715309143,0.1017216444015502,0.0353593826293945,-1.4262041077017784e-06,1.3500102795660496e-06,0.0010604858398437,-0.0001583956182003,467.21484375,2687261440.0,2845945600.0,2687264384.0,2846476928.0,-0.5892105102539062,258.64990234375,-4.317483399063349e-05,-11.54364013671875,-111.553466796875,-12.5533447265625,-0.0001636696979403,-401592.25,-45192.5,0.0611343383789062,63.45337903499603,0.0001333751715719,6.266403943300247e-05,0.0001255143433809,6.131408736109734e-05,0.0001868354156613,301.34481048583984,-2.2437830921262503e-05,-1.4023753465153275e-05,3.489345544949174e-06,1.9312428776174784e-06,3.373643266968429e-06,-7.352384272962809e-06,1.3143755495548248e-05,-1.4265009667724373e-05,-1.7191516235470772e-05,3.174995072185993e-06,4.420999903231859e-05,5.448143929243088e-05,5.305267404764891e-05,6.697664503008127e-05,7.179239764809608e-05,7.28686572983861e-05,7.472268771380186e-05,7.51179177314043e-05,7.358146831393242e-05,7.127993740141392e-05,6.373971700668335e-05,0.0413302779197692,0.2746642231941223,0.9383975975215436,4.424803256988525,26.458753503859043,98.12781542539597,98.68742370605467,98.14933776855467,89.05635809898376,87.93637856841087,70.62107953429222,81.00539395213127,85.2752456665039,84.86532592773438,91.52500915527344,91.6208724975586,93.24110412597656,94.75630950927734,94.59029388427734,91.2111358642578,84.39816284179688,303853.341796875,258681.21484375,233389.880859375,202049.751953125,182307.92578125,162454.015625,139697.361328125,122118.748046875,107558.140625,95054.5732421875,74263.10546875,57283.7119140625,42937.3466796875,30479.7763671875,19434.58740234375,14346.966796875,9507.42041015625,7172.47216796875,4889.78466796875,2655.910888671875,465.14990234375,0.0004436820745468,-0.0005809962749481,-0.0078189820051193,-0.0049020946025848,0.0066860318183898,-0.0038368701934814,-0.0418269634246826,-0.0992026329040527,-0.1141448020935058,-0.0832290649414062,-0.0814762115478515,-0.1454715728759765,-0.1645021438598632,-0.1265554428100586,-0.1071138381958007,-0.0796771049499511,-0.0418620109558105,-0.0170860290527343,1.1910024672250082e-05,1.0063102833931291e-05,1.8897099857059685e-06,-2.217372754102392e-06,-4.04613295380904e-06,5.519899565610152e-07,333.55191821307983,349.6584742276806,347.78994871596285,345.4367544282102,340.7110068287476,337.5199590558323,334.08489147473045,334.0047597882668,328.4018717248198,325.87355258698244,19.914231892489425,19.220715106669186,19.974633977998906,19.22004690967275,1.1700757161264956,296.33295084635415,300.3173528035482,0.0003935846189657847,0.07937190532684327,0.08351106643676758,0.058399391174316403,7.328732560078303e-08,-1.6857326651612917e-07,0.0011034786701202392,-0.000169241800904274,353.49296875,2689386632.5333333,2814016102.4,2688494882.133333,2814711415.4666667,-0.58133544921875,597.5821940104166,-5.9625842065239944e-05,-15.627714029947917,-147.61129964192708,-16.11134033203125,-0.00016148636738459268,-531400.4,-58000.25,0.05270641644795736,49.83603143195311,0.00010561170056462288,5.077502379814784e-05,0.00010932789494593938,5.014128983020783e-05,0.0001594676325718562,301.5552602682556,-1.4500370404372613e-05,-1.5694063040427864e-05,-1.4883369052161774e-06,2.5224901037290694e-06,3.563658295509716e-06,-1.995106382916371e-06,-2.7879971700410048e-05,-2.5553221348673105e-05,-2.3080587076644103e-05,-1.7467028616617123e-05,-6.607842321197192e-06,-7.157136375705401e-07,4.985059301058452e-06,1.0377378202974796e-05,9.673538928230603e-06,9.713733258346716e-06,9.754874433080356e-06,9.149716546138127e-06,8.64748532573382e-06,7.814510414997736e-06,6.867293268442154e-06,0.03953155279159546,0.31486032406489056,0.9789474639110267,4.126295310879747,29.25630492543181,88.02288596232732,89.52710367838542,87.69599445263545,74.48365999857585,60.78523099993666,44.13577321693301,52.93208982894818,62.92833334455887,66.15402500778437,76.64854981427392,74.81208760937055,72.91297502815723,74.62214515556892,79.92145614027977,83.04359838366508,78.36676127115885,303887.540625,258647.04010416666,233346.37786458334,202073.50325520834,182351.36809895834,162446.225,139600.94127604167,122063.40286458333,107534.89401041667,95070.76861979166,74357.809765625,57446.18671875,43154.42180989583,30745.328352864584,19742.52900390625,14668.281022135418,9832.38759765625,7496.376529947916,5212.084375,2976.861507161458,785.38232421875,0.0002857968211174011,-0.0007282366355260213,-0.005717360973358154,-0.003644120693206787,0.0017489989598592122,-0.003114640712738037,-0.022002617518107098,-0.08046805063883464,-0.12780542373657228,-0.1299838701883952,-0.09774004618326823,-0.10488243103027343,-0.11622753143310546,-0.12218341827392579,-0.0918233871459961,-0.06317113240559896,-0.034745248158772786,-0.017966588338216145
1,1001.153125,11.664788246154783,5.1514471124392e-06,6.038431365595898e-06,-5.926158337388188e-06,-1.4072605154069606e-05,5.612488166661933e-06,-2.38891539083852e-06,334.140625,350.11749267578125,348.6469116210937,346.1850891113281,341.9468994140625,341.5916442871094,341.0270080566406,340.51617431640625,334.3778381347656,331.34295654296875,12.114264488220217,12.641884803771973,12.048505783081056,12.612998008728027,1.1423017978668213,297.1552963256836,299.4736785888672,0.0007800757884979,0.0766386985778808,0.104562759399414,0.0335755348205566,-7.082708179950714e-07,6.566406227648258e-07,0.0024318397045135,-0.000212337821722,974.19921875,2679097088.0,2837547904.0,2679099008.0,2838048384.0,-0.8668327331542969,270.427734375,-4.446457023732364e-05,-13.16131591796875,-116.39056396484376,-13.63836669921875,-0.0002407934516668,-419005.0,-49095.25,0.0514833927154541,63.36030578613281,0.0002742162905633,4.2164232581853867e-05,0.0002166917547583,4.5037828385829926e-05,0.0002617323771119,301.29198455810547,-1.946755219250917e-05,-1.4612029190175235e-05,2.346307155676186e-06,3.328226739540696e-06,1.8218997865915296e-06,-5.429945304058492e-06,1.782085746526718e-06,-9.990762919187546e-06,-1.476623583585024e-05,-5.582696758210659e-06,4.145735874772072e-05,6.15438912063837e-05,6.402697181329131e-05,7.019529584795237e-05,7.242418359965086e-05,7.385306525975466e-05,7.56443478167057e-05,7.598544470965862e-05,7.440405897796154e-05,7.190625183284283e-05,6.30146823823452e-05,0.0316665582358837,0.3017876148223877,1.2228593826293943,5.679892053827643,25.06726251542568,102.42638364434242,97.68428802490234,95.90467071533205,94.51521301269533,85.97260284423828,67.85915549099445,82.8261793255806,84.37315368652344,84.27039337158203,91.685302734375,92.11642456054688,93.85382080078124,95.1255874633789,95.27775573730467,92.3500747680664,85.41349792480469,303303.9296875,258042.5390625,232883.322265625,201840.30859375,182159.1171875,162329.73046875,139568.5390625,121953.677734375,107366.37109375,94848.775390625,74042.427734375,57052.044921875,42702.2314453125,30235.25048828125,19185.35009765625,14096.8037109375,9256.50048828125,6921.04248046875,4637.9599609375,2403.920654296875,212.739013671875,0.0046059377491474,0.0004396885633468,-0.008466213941574,-0.009796530008316,-0.0023786127567291,-0.0165361762046813,-0.0593247413635253,-0.1436796188354492,-0.2008347511291504,-0.1992197036743164,-0.1664180755615234,-0.2080764770507812,-0.1839399337768554,-0.1506767272949218,-0.1266822814941406,-0.1030445098876953,-0.0613641738891601,-0.0282425880432128,9.84558266156112e-06,9.16788100545525e-06,3.977736943934033e-07,-1.8824150239655823e-06,-2.5424476936086564e-06,7.70489735693429e-07,333.87522002855934,349.36375115712485,347.4674015045166,345.1865512609482,340.6318497021993,337.2566811482112,333.7985125144323,333.67648859818775,328.2130501270294,325.65724358558657,19.90964843154264,18.663388297497296,19.949420498078688,18.64932011622392,1.180494276448735,295.7789881388346,300.5193171183268,0.00042684078216552733,0.08982720375061035,0.08143149216969808,0.05030393600463867,3.3139561613400775e-09,-1.6785149152080217e-07,0.0022406081358591714,-0.00014694600055615108,793.9518229166666,2680760226.133333,2804250555.733333,2679486489.6,2804931438.9333334,-0.6170239766438802,594.9591471354166,-5.79475483391434e-05,-22.880765787760417,-152.88985188802084,-23.68106689453125,-0.00017139917860428493,-550403.25,-85251.93333333333,0.04090431531270345,49.38026254574458,0.00011619813740253449,5.166555444399516e-05,0.00011856639757752418,5.3633252779642744e-05,0.0001722020407517751,301.4967704285876,-1.4225207269191743e-05,-1.6003457130864262e-05,-2.456209040246904e-06,3.29837785102427e-06,3.904340943942467e-06,-3.984179541779061e-06,-2.614122349768877e-05,-2.5190742841611307e-05,-2.3637774089972177e-05,-1.6751027821252744e-05,-5.934534904857477e-06,-1.4950133239229521e-06,4.81814689313372e-06,1.0232759329179923e-05,1.0912089298168818e-05,1.071067526936531e-05,1.0554632171988488e-05,1.0080790768067041e-05,9.754315639535586e-06,8.80536778519551e-06,7.939105853438377e-06,0.036589329504446745,0.3046342055002848,1.15445556640625,4.810351970729728,30.42343061019977,88.6590630253156,89.77566070804993,87.7381810506185,76.9341318766276,60.48761708488067,44.57966292127967,53.442455637206635,63.04460407892863,65.13309465969603,76.46466668148835,74.05405683318774,72.55156346857548,74.87184986968835,81.10238528698683,81.9483646462361,76.72908833821614,303489.1541666667,258117.21770833334,232899.90078125,201844.63307291668,182180.373828125,162299.981640625,139458.71666666667,121890.18736979166,107340.305078125,94866.50774739584,74152.68157552084,57237.81484375,42941.06002604167,30528.008984375,19522.117578125,14447.23427734375,9610.688997395833,7274.33271484375,4989.661393229167,2753.229736328125,560.4542805989583,-0.0006474447747071584,0.0016450256109237671,-0.005576963226000468,-0.007527107000350952,-0.004225250085194906,-0.00516744057337443,-0.037079350153605146,-0.10599330266316732,-0.14695231119791666,-0.13944066365559896,-0.09391276041666667,-0.09620609283447265,-0.10184987386067708,-0.10596167246500651,-0.09212894439697265,-0.0699275016784668,-0.04467477798461914,-0.03177785873413086
2,1000.55375,12.076045036315918,4.491907930059824e-06,-2.377669261477422e-06,-8.104903827188537e-06,-7.200085292424774e-06,5.848245336892433e-07,-2.430385848128936e-06,336.03680419921875,349.8083801269531,348.2999267578125,345.7294006347656,341.9391174316406,342.12017822265625,341.405517578125,341.035400390625,335.05877685546875,331.98388671875,12.264555931091309,11.98208713531494,12.511566162109377,12.33087158203125,1.174787521362305,297.21736907958984,299.6245574951172,0.000920021906495,0.093024730682373,0.1029515266418457,0.0527982711791992,8.315546438097954e-07,2.0416337065398693e-06,-0.0004467666149139,-2.888217568397522e-05,-47.84765625,2676468736.0,2831778432.0,2676469120.0,2832253184.0,-1.0304679870605469,203.9072265625,-4.511899896897376e-05,-11.48040771484375,-117.18475341796876,-14.6617431640625,-0.0002862587571144,-421868.25,-52781.75,0.055565595626831,62.10494995117188,0.0002359766513109,6.567966192960739e-05,0.0002555553801357,6.689224392175674e-05,0.0003224550746381,301.2825927734375,-1.2265954865142705e-05,-1.867492392193526e-05,1.8809514585882423e-06,2.3321190383285284e-06,7.067108526825905e-06,-9.270268492400646e-06,-1.1144205927848816e-05,-1.1854397598654032e-05,-5.631591193377972e-07,-2.3623579181730747e-06,4.27725026383996e-05,6.095785647630692e-05,6.90894084982574e-05,7.152196485549212e-05,7.117597851902246e-05,7.070915307849646e-05,6.971764378249645e-05,6.861169822514057e-05,6.777048110961914e-05,6.474240217357874e-05,5.6578428484499454e-05,0.0276624299585819,0.2589769291225821,1.4224731922149658,5.782248020172119,22.9860782623291,106.29177010059357,95.79579162597656,92.55333737283944,99.68724820017816,91.722412109375,67.7143325805664,82.55774666368961,83.72647094726562,84.28990173339844,89.79116821289062,89.01888275146484,90.81330871582033,92.8559341430664,93.48011016845705,89.82957458496094,82.81326293945312,303393.728515625,257813.255859375,232627.97265625,201769.77734375,182105.048828125,162242.28515625,139489.7734375,121850.7734375,107259.783203125,94752.0009765625,73972.2021484375,56986.5185546875,42640.447265625,30177.357421875,19131.8466796875,14044.59814453125,9205.7626953125,6871.16748046875,4588.8427734375,2354.725341796875,162.35107421875,0.0006967596709728,0.0053765475749969,-0.0007519125938415,-0.0011879801750183,0.0036854743957519,-0.0099839568138122,-0.0388369560241699,-0.1228814125061035,-0.1625080108642578,-0.1353302001953125,0.0227088928222656,0.0038795471191406,-0.0367584228515625,-0.0579776763916015,-0.0605716705322265,-0.0551176071166992,-0.0233941078186035,0.0021538734436035,7.85107329228929e-06,8.840194356912634e-06,3.609022277843496e-06,-2.1296343016938938e-06,-1.707982017099867e-06,-1.371559042957873e-07,334.0627463086266,349.38616167609,347.4439491581406,345.2186798513536,340.7197192543639,337.47583823769446,334.0731298850199,333.4889759880664,327.18809825017206,324.7722765312303,21.65257240892288,19.62239617971572,21.62266621242288,19.52598008565033,1.1971002271000966,295.7252532958984,300.6260569254557,0.00033104121685028075,0.07867358525594076,0.08070069948832194,0.05425702730814616,5.272837976614634e-08,-2.5556267549594246e-07,-0.0011582513650258382,-0.0001250132918357849,-383.03515625,2677942971.733333,2802084590.9333334,2676522589.866667,2802776593.0666666,-0.4871325174967448,384.3649088541667,-5.9117838585128384e-05,-12.691560872395833,-150.09197184244792,-18.68201904296875,-0.00013531601677338283,-540331.5,-67255.28333333334,0.04079724152882894,49.64071756998698,8.44107319911321e-05,4.813907047112783e-05,9.195652479926745e-05,4.792554924885432e-05,0.00013988623395562173,301.4765459457744,-1.575912271315853e-05,-1.5745823232767484e-05,-4.280181989694635e-06,3.7950366580237943e-06,3.4343470664074022e-06,-3.7222246949871383e-06,-2.4492316879332065e-05,-2.488980923468868e-05,-2.2319219230363766e-05,-1.4238234143704176e-05,-5.294173024594784e-06,-7.242430001497268e-07,5.582149606198073e-06,1.0824444082876046e-05,1.2511325379212697e-05,1.2171353834370772e-05,1.149525245030721e-05,1.0985461995005607e-05,1.0236849387486776e-05,9.15619699905316e-06,8.343555964529515e-06,0.034803447872400285,0.26767335922146834,1.209781171924745,5.501516329372922,30.199310649434725,86.70128929416339,89.11904500325521,88.90735580821833,81.27030385186275,65.00739517087737,48.37645991096894,54.93312654172381,65.30898825873932,66.6619751572609,75.98341431220372,72.86806786358356,71.99842837949593,75.52906545003255,80.90121597349643,79.37286230822404,73.70926016569138,303416.619140625,257946.68255208334,232687.8578125,201759.716796875,182125.62356770833,162264.66901041666,139415.19440104166,121828.60638020834,107279.12161458333,94805.0,74089.17252604167,57171.35110677083,42872.993880208334,30457.145572916666,19449.281575520832,14373.0724609375,9535.790885416667,7199.101627604166,4913.872298177083,2676.050113932292,481.83619791666666,-0.00016451204816500347,0.002716715137163798,0.0017414202292760214,-0.0016000926494598388,0.0019002199172973634,0.003823292255401611,-0.03244900703430176,-0.1031376838684082,-0.14418195088704427,-0.14332218170166017,-0.08921985626220703,-0.07930075327555339,-0.06236813863118489,-0.0457980473836263,-0.030958875020345052,-0.02250226338704427,-0.007150395711263021,0.0015275001525878907
3,1001.92125,11.888578414916992,-8.037206953304121e-07,3.972693775722291e-06,-3.771492629311979e-06,-6.648295311606489e-06,9.45845567912329e-06,4.493250798986992e-06,334.91827392578125,350.0132751464844,348.1659851074219,345.74615478515625,341.7044677734375,341.72271728515625,341.36505126953125,341.0704040527344,335.4517517089844,332.5556945800781,14.313997268676758,13.360692977905272,14.85888671875,13.883260726928713,1.1894547939300537,297.1965026855469,299.7896270751953,0.0007845293730497,0.0582876205444335,0.1142059564590454,0.0561580657958984,2.2317981347441678e-06,2.009968739002943e-06,-0.0024171620607376,-0.0001405207440257,-808.8984375,2681134464.0,2836348416.0,2681135232.0,2836829440.0,-0.9054794311523438,278.171875,-4.640829865820706e-05,-11.7122802734375,-127.139404296875,-14.08819580078125,-0.0002515241503715,-457703.25,-50720.75,0.0752971172332763,62.06624172627926,0.0001944499090313,8.440110832452774e-05,0.0002179229632019,9.014364331960678e-05,0.0003080600872635,301.2969207763672,-2.756496542133391e-06,-1.204510044772178e-05,-5.102847353555262e-06,4.293688107281923e-06,1.1664960766211152e-05,-1.3645942090079188e-05,-1.939086359925568e-05,-1.1922267731279136e-05,-1.9036349840462208e-05,-2.6835594326257706e-05,3.856257535517216e-05,5.119468551129103e-05,5.932047497481108e-05,7.337669376283884e-05,7.531349547207355e-05,7.51101179048419e-05,7.45547004044056e-05,7.43416603654623e-05,7.304304745048285e-05,7.014337461441755e-05,6.21165381744504e-05,0.0361277312040329,0.2295935021829791,1.0995966223999858,5.834282875061035,25.47123908996582,103.13922119140624,97.26199340820312,96.51115404069424,98.44515228271484,87.3929672241211,57.65278370678425,75.67608642578125,82.84909057617188,84.19483184814453,90.06484985351562,89.84568786621094,91.0592803955078,92.67584228515624,94.3310317993164,91.0526351928711,83.83291625976562,303694.880859375,258205.109375,232693.115234375,201843.09375,182226.572265625,162284.49609375,139564.71484375,121970.125,107403.08203125,94904.0634765625,74137.6865234375,57131.6689453125,42772.0791015625,30305.3779296875,19259.71435546875,14172.2451171875,9332.884765625,6997.908203125,4715.3095703125,2481.286376953125,289.248046875,-0.0012897178530693,-0.000873789191246,0.0111875832080841,0.0033844709396362,-0.0121406912803649,0.0075114965438842,-0.0791883468627929,-0.1466913223266601,-0.1113672256469726,0.0137243270874023,0.0280942916870117,-0.0582504272460937,-0.1387615203857422,-0.1380491256713867,-0.083505630493164,-0.0560293197631835,-0.0109233856201171,0.0190668106079101,7.39188873963223e-06,9.966234191552404e-06,5.039630680441405e-06,-1.6241094919226296e-06,-1.3015222623175004e-06,-7.209898606610337e-07,332.8761351982752,349.332700586319,347.3584759314855,345.30343481699623,340.6834738016129,337.3174084583918,334.07471799055736,333.1942555824916,326.66726064682007,324.4682152668635,22.664590284686223,20.881896345426014,22.684416167872648,20.81584902641674,1.2169511859785416,296.006016031901,300.347189839681,0.00030722605685393016,0.07375985781351725,0.07064923445383707,0.04379765192667643,4.730342576901118e-08,-2.2988921652237574e-07,-0.001850817600886027,-9.214368959267935e-05,-662.1598958333333,2681735944.5333333,2807396437.3333335,2680206933.3333335,2808093192.5333333,-0.3719701131184896,491.23020833333334,-5.613090858484308e-05,-7.820345052083334,-143.69072672526042,-9.924568684895833,-0.00010332651436328888,-517288.63333333336,-35728.5,0.037848401069641116,50.248088199396925,7.834325854976972e-05,3.7973001599311826e-05,8.533992804586888e-05,4.037581384181976e-05,0.00012571817884842555,301.460448399257,-1.5214951902938386e-05,-1.4625119122986992e-05,-4.17423143517226e-06,3.751266437272231e-06,4.009044884393613e-06,-1.3276779403289158e-06,-2.4533318355679513e-05,-2.4305043431619804e-05,-1.9218679517507554e-05,-1.0885923014332851e-05,-4.00238980849584e-06,-2.1878319482008617e-08,7.453626797844966e-06,1.1537899263203144e-05,1.2766833727558453e-05,1.2352457270026207e-05,1.12550954023997e-05,1.0489664661387603e-05,9.810877963900566e-06,8.647865615785123e-06,7.701828144490719e-06,0.03463386396567027,0.24573991155484692,1.1314880874784043,5.6636963526407875,30.554518023133276,82.53296839197476,88.25809280574322,91.09842488765716,83.72944486389558,69.55551697723567,50.85992416938146,56.39058682968219,65.57962362989784,66.4583064665397,75.43414142131806,73.90165608723959,73.22302969247103,76.04854329402248,81.98319334189097,81.65755166659753,75.96191877995928,303632.1580729167,258142.87161458333,232771.55716145833,201826.62981770834,182203.359765625,162327.995703125,139469.859375,121907.094140625,107374.75078125,94909.51549479166,74205.03873697917,57292.447005208334,43001.86809895833,30589.658626302084,19582.162825520834,14504.74296875,9667.400162760418,7331.017513020834,5046.22734375,2809.5536295572915,616.8545572916667,0.00048709362745285033,0.0031221896409988404,0.004296330610911051,0.001384951670964559,0.0025704999764760337,0.0041625738143920895,-0.017573753992716473,-0.0861784299214681,-0.1224847157796224,-0.11934617360432943,-0.060536702473958336,-0.0468231201171875,-0.02763996124267578,-0.015270678202311198,-0.003920745849609375,-0.0031829198201497396,0.005229059855143229,0.011524105072021484
4,1002.775,12.550704956054688,-4.033098775835242e-06,1.0949981515295804e-05,-5.173708359507145e-06,-1.0563662726781333e-05,9.619599950383416e-06,4.110853296879213e-06,331.78729248046875,350.8630065917969,348.5480651855469,345.98712158203125,342.024169921875,341.807373046875,340.5148010253906,341.2809143066406,335.600830078125,332.7345275878906,16.840383529663086,15.963479042053224,17.30284309387207,16.39484214782715,1.243829369544983,297.2843017578125,300.0841827392578,0.0004274593666195,0.0420347452163696,0.1291379928588867,0.0318059921264648,1.3086828403174875e-06,-9.728828445076942e-07,0.0008213073015213,-5.196221172809601e-05,346.67578125,2683394944.0,2838638848.0,2683398144.0,2839119488.0,-0.3082847595214844,386.201171875,-4.565794370137155e-05,-11.21337890625,-128.6727294921875,-11.0379638671875,-8.56379047036171e-05,-463223.25,-39741.0,0.0513386726379394,62.07763671875,0.0001022699289023,6.49462454020977e-05,0.0001187375746667,6.141699850559235e-05,0.00018015736714,301.2825927734375,-1.6700432752259076e-05,-1.325574703514576e-05,-3.3726246329024434e-06,6.406218744814396e-06,7.745868060737848e-06,-1.2751610483974218e-05,-2.2953026928007603e-05,-2.182374009862542e-05,-3.1170842703431845e-05,-2.940272679552436e-05,1.0187854059040546e-05,4.001136403530836e-05,5.608017090708017e-05,6.960297469049692e-05,6.989226676523685e-05,6.931670941412449e-05,6.936618592590094e-05,6.959005258977413e-05,6.97900541126728e-05,6.89502339810133e-05,6.20370265096426e-05,0.0347344279289245,0.2532953321933746,0.7856991291046143,5.116801738739014,30.542711682617664,85.93708083033562,98.021728515625,96.90161895751952,93.1860580444336,81.31099674105644,52.148353569209576,75.45771789550781,84.56581115722656,82.61344146728516,89.38865661621094,89.49883270263672,90.74005126953124,92.36699676513672,93.64303588867188,92.1691665649414,84.75868225097656,303804.990234375,258460.419921875,232877.275390625,201851.220703125,182201.05859375,162276.076171875,139564.681640625,122009.173828125,107455.228515625,94961.76953125,74204.4111328125,57201.1064453125,42854.6396484375,30387.16064453125,19337.35205078125,14248.1669921875,9407.181640625,7071.38134765625,4788.01611328125,2553.656005859375,361.497314453125,0.0032809227705001,-0.0010844469070434,0.0012578815221786,-0.0008273422718048,-0.0035686492919921,0.0163546204566955,-0.0587477684020996,-0.0935897827148437,-0.0949640274047851,0.000929832458496,0.0152263641357421,-0.0524616241455078,-0.0981178283691406,-0.0552425384521484,-0.0603351593017578,-0.0565757751464843,-0.0317168235778808,-0.0121817588806152,9.312197915639349e-06,1.010257581473863e-05,3.882614656606105e-06,-1.3800089073428651e-06,-2.991227989776912e-07,-2.204904477279386e-07,331.92387545050286,349.57742904785283,347.6489460500936,345.6665583112633,340.89551815583826,337.3403348851284,334.1967833747361,333.32296459658204,326.4173316255893,324.517720684898,22.731209200248028,21.135566996946043,22.86498366156942,21.18331600873854,1.2281957521565017,296.11640981038414,300.1543446858724,0.00031996884693702063,0.061924346288045246,0.07316052118937175,0.03119379679361979,7.56195125480493e-08,-7.210765033960342e-08,0.0005715449651082356,-7.682858655850092e-05,156.69244791666668,2684265053.866667,2811220462.9333334,2682841762.133333,2811895304.5333333,-0.3697107950846354,580.475,-5.499012962294121e-05,-9.125480143229167,-137.80530598958333,-9.620328776041667,-0.00010269942382971446,-496098.5,-34632.78333333333,0.033893219629923504,50.76603673199813,9.024835502107938e-05,3.076295057932536e-05,8.887966784338156e-05,3.1109930326541264e-05,0.00011998657137155533,301.4765459457744,-1.4309653973517319e-05,-1.423786161467433e-05,-2.956463140435517e-06,2.284730241323511e-06,3.0219593706230324e-06,-1.720401148001353e-06,-2.501939112941424e-05,-2.3711204994469882e-05,-1.9627227447927e-05,-1.1430874777336915e-05,-1.72383151948452e-06,-2.5709159672260285e-07,7.143430411815643e-06,1.136853825300932e-05,1.2621974262098471e-05,1.187460341801246e-05,1.0900928949316342e-05,1.0153876307109991e-05,9.24580575277408e-06,7.955761005481083e-06,6.809659923116366e-06,0.03422418038050334,0.23258019089698792,0.9785514039297899,5.356858981400729,29.572620084881784,84.19750705858071,90.03214009602864,89.16471406519413,84.43874359379213,70.37314590786895,52.67262974282106,57.11122487485409,66.07984313964843,66.96929880777995,75.12067427237828,74.66291737059753,74.36712248822053,76.86220357914766,82.44833882649739,83.52445656110844,78.12590203682582,303952.74049479165,258426.882421875,232901.07122395834,201850.15325520834,182206.379296875,162332.22838541667,139483.07083333333,121945.13307291667,107423.97395833333,94965.966015625,74267.08177083333,57357.5326171875,43070.911458333336,30661.306087239584,19653.561328125,14575.09326171875,9737.554622395834,7401.419140625,5116.997135416666,2881.328173828125,689.9099446614583,-0.00022562245527903239,0.0015547285477320353,0.0043785432974497475,0.0027850747108459474,0.0005087812741597493,0.00027048190434773763,-0.018819046020507813,-0.08091265360514323,-0.10723069508870443,-0.10200459162394206,-0.05821978251139323,-0.050650533040364584,-0.041937637329101565,-0.03497390747070313,-0.014384841918945313,-0.018751843770345052,-0.014401086171468099,-0.008734194437662761
5,1001.18875,12.083922386169434,-2.1316000129445456e-06,3.880810254486278e-06,-8.327202522195876e-06,-1.741038249747362e-05,2.140548758688965e-06,-1.3271730949782068e-06,331.66729736328125,351.5196533203125,348.7025756835937,345.8477478027344,342.138671875,341.3638916015625,340.4818115234375,341.47344970703125,335.5341186523437,332.7565612792969,20.64208030700684,19.3896427154541,20.856029510498047,19.699575424194336,1.303063154220581,297.32000732421875,299.9181365966797,0.000178855843842,0.0280413627624511,0.1019458770751953,0.0145773887634277,-2.9313378036022186e-07,-4.4691842049360286e-07,0.0015832781791687,1.0930001735687256e-05,561.37890625,2677966464.0,2832126080.0,2677964032.0,2832661120.0,0.0002708435058593,437.88330078125,-4.964059917256236e-05,-12.419677734375,-127.15618896484376,-12.9947509765625,7.543712854385376e-08,-457764.0,-46781.25,0.0454072952270507,61.64515280723572,5.186162889003754e-05,2.5278888642787933e-05,4.9678608775138855e-05,2.968311309814453e-05,7.93682411313057e-05,301.2969207763672,-2.2419626475311816e-05,-1.1480515240691602e-05,-7.970957085490227e-07,7.540846127085388e-06,3.444787580519914e-06,-9.74969589151442e-06,-2.9330607503652573e-05,-2.0426639821380377e-05,-3.6917335819453e-05,-3.291544271633029e-05,2.063694410026073e-06,4.098779754713178e-05,5.755783058702946e-05,6.90630404278636e-05,6.960693281143904e-05,6.964802742004395e-05,7.018423639237881e-05,6.975652649998665e-05,7.051764987409115e-05,6.900366861373186e-05,6.036309059709311e-05,0.0293981544673442,0.2383499443531036,0.752947986125946,5.927736282348633,32.42815399169922,80.4144515991211,94.77268236875534,96.42185974121094,83.58304595947266,75.56610107421875,47.08802032470703,74.68353337049484,84.60504150390625,80.64692687988281,88.65438079833984,89.53729248046875,90.3814697265625,91.8328857421875,92.89932250976562,92.03182983398438,84.47981262207031,303707.791015625,258292.923828125,232715.685546875,201598.19140625,181980.1328125,162111.68359375,139376.083984375,121833.0546875,107287.244140625,94805.7841796875,74067.1064453125,57074.1376953125,42729.1123046875,30254.9111328125,19197.56103515625,14104.84228515625,9260.68798828125,6923.61328125,4639.11376953125,2403.751953125,210.674072265625,0.000319480895996,0.0012616515159606,0.0010252296924591,-0.0035337805747985,-0.0030097067356109,0.001854658126831,-0.0216437578201293,-0.0426101684570312,-0.0265955924987792,0.0468025207519531,0.049513816833496,0.0311412811279296,0.007303237915039,0.0159053802490234,-0.0561742782592773,-0.0607185363769531,-0.0386567115783691,-0.0184335708618164,1.0069539894864282e-05,1.1384767750916129e-05,5.483537822515335e-06,-3.76065063483551e-07,-6.551660827122663e-08,-2.510636563631506e-07,332.0196748733521,350.1312478303909,348.19209880828856,346.1953805446625,341.2115915218989,337.519038438797,334.2461223284403,333.3493234475454,326.5623499552409,324.7931534290313,22.31341984382986,20.752218601685797,22.448955588927493,20.869882273650727,1.2488409500879547,296.08126068115234,299.7746292114258,0.00033873325834671655,0.06086521943410238,0.08806484540303548,0.02964340845743815,2.3139097417394321e-07,-4.253815859556198e-08,0.0013847380876541137,-7.774954040845235e-05,486.16328125,2678533017.6,2805689864.5333333,2677003554.133333,2806332032.0,-0.31976572672526044,627.93603515625,-5.607318598777056e-05,-12.067154947916666,-140.80044352213542,-11.521207682291667,-8.882588396469752e-05,-506881.38333333336,-41476.2,0.04752018451690674,50.8463536982735,0.00010069760804375013,3.3936090767383574e-05,9.409207850694657e-05,3.257244825363159e-05,0.00012666862457990646,301.460448399257,-1.487521124848475e-05,-1.3923568379444381e-05,-1.4617379444340865e-06,2.1294506344323358e-06,1.9374846791227657e-06,-5.337506687889496e-07,-2.185112874334057e-05,-2.1181981234500807e-05,-1.7475294104466835e-05,-1.0439644878109296e-05,1.240909720460574e-07,-3.0769345661004384e-07,7.584644481539726e-06,1.1652979689339796e-05,1.2775805468360582e-05,1.1972213784853618e-05,1.0461950053771336e-05,9.683178116877874e-06,8.650791520873706e-06,7.5445510447025296e-06,6.543293905754884e-06,0.035205744863681804,0.2456580142180125,0.9007840152286614,4.986319835297763,30.068693546702466,84.46542194286982,90.83826080660025,87.12692665209373,82.81409249156714,73.11049317382276,55.85215606689453,59.09506691421072,66.82340913638473,67.18472211038073,75.29285939534505,75.12468077540397,75.77718728482724,78.457669805487,83.66848708887895,85.14744059244792,79.84435444772244,303804.734765625,258286.10104166667,232739.877734375,201620.2265625,181972.0703125,162124.23294270833,139285.62786458334,121763.79283854166,107254.38515625,94805.28268229167,74117.54876302084,57216.07578125,42935.81009114583,30529.209700520834,19524.749869791667,14447.1759765625,9610.76884765625,7275.519401041666,4992.254329427084,2758.035546875,568.5236165364583,-0.0008270541826883951,-3.888507684071859e-05,0.001145849625269572,0.0024802247683207196,-0.000507881244023641,-0.001931146780649821,-0.023881061871846517,-0.07440125147501628,-0.10107625325520833,-0.09615621566772461,-0.06630687713623047,-0.06583538055419921,-0.06094284057617187,-0.06159807840983073,-0.037763214111328124,-0.03460470835367838,-0.024763202667236327,-0.015604400634765625
6,1000.329375,12.904961585998535,-2.631008783282596e-06,-4.1337470975122415e-06,-1.0103883141709956e-05,-1.3104383469908498e-05,2.687534788492485e-06,4.155207534495276e-06,332.23004150390625,351.5238952636719,348.70806884765625,345.8168334960937,342.18359375,339.5665588378906,340.8750305175781,342.41632080078125,335.4535217285156,331.8617553710937,21.47264862060547,20.18712615966797,21.44005584716797,20.333955764770508,1.3551329374313354,297.1735534667969,299.64820861816406,0.0005091298371553,0.0359444618225097,0.1073815822601318,0.0346722602844238,6.653135642409325e-07,9.25909262150526e-07,-0.0011147111654281,-5.512125790119171e-05,-472.2109375,2675517440.0,2832048128.0,2675521408.0,2832467072.0,-0.5820960998535156,401.0009765625,-4.678725963458419e-05,-9.6885986328125,-121.16741943359376,-13.3721923828125,-0.0001616859808564,-436207.25,-48139.0,0.0673098564147949,62.591540440917015,0.0001359707675874,5.2230898290872574e-05,0.0001414276193827,4.714587703347206e-05,0.0001885662786662,301.0399436950684,-1.8066726624965668e-05,-1.2335440260358156e-05,-6.323098205029964e-07,1.4975958038121462e-06,1.4361576177179811e-06,-2.2594467736780643e-06,-3.1600939109921455e-05,-1.668184995651245e-05,-2.266786759719253e-05,-2.435420174151659e-05,8.629518561065197e-06,4.66144410893321e-05,5.732278805226088e-05,6.709725130349398e-05,6.74267066642642e-05,6.77512725815177e-05,6.705755367875099e-05,6.659538485109806e-05,6.610795389860868e-05,6.611749995499849e-05,5.6957011111080647e-05,0.0318921962170861,0.2394379377365112,0.8733783960342407,5.317782878875732,30.057823181152344,86.15913371741772,96.62979125976562,89.94645662605762,82.7189712524414,69.89576587080956,51.770606987178326,78.06692519783974,85.51525115966797,83.72415161132812,90.095947265625,90.03479766845703,91.07918548583984,92.51992797851562,92.60797119140624,89.29248046875,82.8479995727539,303671.197265625,258213.921875,232681.5234375,201506.275390625,181849.23046875,162031.498046875,139290.42578125,121761.2109375,107224.80859375,94744.6279296875,74014.80078125,57028.7763671875,42669.2138671875,30189.9169921875,19128.73828125,14033.39794921875,9186.92626953125,6848.86669921875,4563.1142578125,2325.985107421875,131.42724609375,-0.004492312669754,0.0016702115535736,-0.0010741055011749,0.0069523453712463,0.0052227079868316,0.0002005100250244,-0.0105481147766113,0.0043349266052246,0.0068483352661132,0.0176191329956054,0.02947998046875,0.0219278335571289,-0.0366926193237304,-0.0459232330322265,-0.0650720596313476,-0.0452690124511718,-0.0129871368408203,0.009866714477539,9.765448634338017e-06,1.1277816927131311e-05,8.230048178327238e-06,-1.7020584542007998e-06,-2.691651181622344e-06,-1.4699643919242394e-06,331.2513223626884,350.3868442023949,348.28436969903913,346.20225093272944,341.42336830369754,337.03914604295414,334.2028247987968,333.54754276024346,326.2753219978965,324.11745080575866,22.736871242723364,20.8059643764146,22.553692963781728,20.624076382438208,1.225322926783171,295.7519789573068,299.594847239894,0.00034942252260026103,0.05976736298240567,0.08610488764972607,0.04053889864213239,1.314700932794587e-07,-2.9408152667318636e-09,0.00040358057655239503,-6.863307903416424e-05,207.36720370850622,2674879850.2240663,2798579332.780083,2672954893.8091288,2799201283.186722,-0.2749305186924598,480.81771913900417,-5.892344510870603e-05,-9.517829356846473,-144.47177288641078,-12.362604544865146,-7.636999688207855e-05,-520098.88796680496,-44505.16597510374,0.048345684510543635,49.463937112899245,0.00010334969308861064,4.419916274636613e-05,9.706195953970629e-05,4.288514001735513e-05,0.00013994889264284824,301.3282713737477,-1.6115630949804892e-05,-1.4148380656154725e-05,-1.0214027339067017e-06,1.1350214916099775e-06,1.624091315813579e-06,-1.9305180594000456e-06,-2.2747159715262687e-05,-2.2242828252961033e-05,-1.8294006045057566e-05,-9.0795468647203e-06,1.0256769514306452e-06,-1.1177571235355994e-06,7.256947620095554e-06,1.1257333603699177e-05,1.183792724587116e-05,1.1218619954103751e-05,1.0534003183740304e-05,9.781099407628364e-06,8.894378875857567e-06,8.18506563352846e-06,7.147943268673054e-06,0.03994941202289892,0.24659123509751316,0.9330015123446948,4.526493751161821,28.062566891745412,87.78623364080532,91.36447738809704,88.32965793550262,84.57591390016168,73.84828080873767,56.67698011853388,59.171645333410794,66.29840976271886,65.42079220396849,72.15341991705519,72.3075791916412,73.01801781040999,76.11221961856383,81.82295834869764,82.15036808504603,77.37225335960072,303649.55588692945,258212.26737551868,232684.39432053943,201534.75531639004,181861.78345435686,162032.9364626556,139211.2273080913,121694.33778526972,107185.3726659751,94738.51581950208,74056.58752593362,57157.631045772825,42874.60037927904,30465.001134595437,19459.871580005187,14383.571106716805,9547.723620656121,7212.6109451990405,4929.3724674209025,2694.7406932783324,505.07538576244815,-0.0018553652209365023,-0.0007824623238496266,-0.0013634869171870695,0.0016253748869994864,0.001788877105317175,-0.004484008951305849,-0.016883489996565824,-0.06462332222966238,-0.10071494074777944,-0.09582452259617723,-0.07474136748254546,-0.07335242591952881,-0.04800678981290318,-0.04086558551709187,-0.026913472725642668,-0.024926838538458732,-0.014230736063723742,-0.00451972375766865
7,1001.649375,12.650217056274414,1.991522549360525e-05,-4.4120642996858805e-06,-1.3921886420575902e-05,-1.3975911315355916e-05,-1.7655636384006357e-06,4.098732006241335e-06,334.12127685546875,351.7617492675781,348.7120056152344,346.00103759765625,342.0731506347656,338.8166809082031,340.5706787109375,341.6147155761719,335.2363586425781,331.9601135253906,18.24758720397949,18.234355926513672,18.48745918273925,18.677045822143555,1.289323806762695,297.1082534790039,299.697868347168,0.0004389351233839,0.0643234252929687,0.1490988731384277,0.0730981826782226,2.759392373263836e-06,1.4487886801362038e-06,-0.0015178769826889,-0.0003236215561628,-604.11328125,2679975040.0,2837660800.0,2679975168.0,2838099328.0,-0.5626373291015625,390.54296875,-4.686840111389756e-05,-11.28167724609375,-129.3726806640625,-14.15423583984375,-0.0001562871038913,-465737.25,-50955.5,0.0845568180084228,63.054753586649895,0.0001327851787209,7.11497850716114e-05,0.0001219254918396,7.395492866635323e-05,0.0001958860084414,301.00060653686523,-1.750508090481162e-05,-1.3614451745525002e-05,-4.774599801748991e-06,-2.465385477989912e-06,1.407344825565815e-06,1.2243108358234167e-06,-2.827779098879546e-05,-2.271024277433753e-05,-2.7390546165406704e-05,-2.3006228730082512e-05,1.1087278835475445e-05,4.678824916481972e-05,5.732872523367405e-05,6.777618546038866e-05,7.236958481371403e-05,7.529556751251221e-05,7.724016904830933e-05,7.690512575209141e-05,7.490173447877169e-05,7.450650446116924e-05,6.465660408139229e-05,0.0480901375412941,0.2343985438346862,0.9197759628295898,4.525550813414156,26.896981976926327,104.67974081635477,97.11382293701172,91.1370694488287,75.17676544189453,62.004133120179176,50.87701416760683,76.42462097108364,86.2186279296875,84.60910034179688,90.83958435058594,91.89830017089844,93.19611358642578,94.49911499023438,94.03743743896484,90.88050842285156,84.48501586914062,303812.7578125,258334.740234375,232799.98046875,201612.92578125,181911.529296875,162188.4609375,139462.642578125,121914.21484375,107370.767578125,94881.654296875,74125.6923828125,57136.5576171875,42780.1875,30304.22265625,19244.5908203125,14150.322265625,9304.96923828125,6967.17626953125,4682.296875,2446.650634765625,254.470703125,-0.0041715800762176,0.0014759600162506,-0.0007908344268798,0.009265124797821,0.014629989862442,-0.0234848856925964,-0.0595710277557373,-0.0994391441345214,-0.0789318084716796,-0.0445928573608398,-0.1166906356811523,-0.2161598205566406,-0.274993896484375,-0.240574836730957,-0.1392183303833007,-0.082010269165039,-0.0244350433349609,0.0092763900756835,9.812018759043386e-06,1.0090425919802225e-05,7.349865759746238e-06,-1.4310975916109742e-06,-2.8983350631694024e-06,-3.091656910789336e-06,332.07141039175013,349.9986911971758,348.10518156468976,345.9566952334113,341.255314347295,336.6050240652902,333.37141413332665,332.8571186622456,326.1451387082659,323.8092791932524,22.084068209618074,20.31218005033526,21.974076904581672,20.150811150165776,1.1651750427414067,295.65645904541014,299.5484786987305,0.0003469723587234815,0.07167072296142578,0.08097105820973714,0.05835873285929362,-1.9995495676994323e-07,-1.1416074509421984e-07,-0.0013532588879267375,-8.829378833373388e-05,-445.7057291666667,2678037572.266667,2800540083.2,2675920486.4,2801182796.8,-0.31247787475585936,483.40882161458336,-5.905520714198549e-05,-8.193379720052084,-146.11658528645833,-11.01551513671875,-8.67982084552447e-05,-526021.1833333333,-39656.21666666667,0.04719024499257406,48.985400126874445,8.986356357733408e-05,5.240924656391144e-05,9.63799034555753e-05,5.040429532527923e-05,0.00014679006611307462,301.31479140222757,-1.6212917398661374e-05,-1.3938882815030713e-05,-1.246602429697911e-06,1.482538452061514e-06,1.667633963127931e-06,-3.1245775365581116e-06,-2.373812118700395e-05,-2.2118530857066314e-05,-1.727366664757331e-05,-1.0015970716873806e-05,2.7220230549573896e-07,-9.8856786886851e-07,6.877980194985867e-06,1.0610519287486872e-05,1.2165292476614316e-05,1.1125501866141954e-05,9.966377789775531e-06,9.16343027104934e-06,8.304688769082229e-06,7.665522086123625e-06,6.525435795386632e-06,0.04576425301444639,0.256041419506073,0.9740679423091934,4.210055907691518,25.802709613740443,88.57679971059163,89.2658177693685,87.36581666270892,80.99991505940756,74.26954836944739,55.425071738660336,58.21958327492078,64.79003426134587,62.823751114308834,70.31096090227365,71.17002883354823,72.74308204501867,77.04712626139323,82.74844421843687,81.77670215070248,77.05137604773044,303645.8807291667,258320.80677083333,232831.08776041667,201684.11484375,181971.62825520834,162120.07317708334,139306.77916666667,121793.110546875,107284.46966145834,94838.54368489583,74157.7744140625,57262.1560546875,42980.41809895833,30567.6326171875,19562.418717447916,14487.49326171875,9652.129817708334,7317.290852864583,5034.455338541667,2800.2003092447917,610.9326497395833,-0.0005951454242070516,0.00027328133583068845,-0.001196869214375814,0.004284091790517171,0.005493831634521484,0.002646660804748535,-0.007016134262084961,-0.05198089281717936,-0.09377005894978842,-0.09741376241048177,-0.07383219401041667,-0.06731522878011068,-0.04656912485758464,-0.04710464477539063,-0.035037295023600264,-0.02218805948893229,-0.0008248329162597656,0.013044484456380208
8,1002.839375,13.250351905822754,3.119515531579964e-05,-4.67883410237846e-06,-2.2918738977750763e-05,-9.08087986317696e-06,-2.671242782525951e-06,-2.99262546832324e-06,335.6383056640625,351.2581787109375,348.4736328125,345.9615478515625,341.6045227050781,338.3209228515625,340.10552978515625,341.0450439453125,335.2565002441406,331.7079467773437,15.452781677246094,15.135544776916504,15.953267097473145,15.523292541503906,1.2410902976989746,297.2377471923828,299.98780059814453,0.0003073047846555,0.0882604122161865,0.1316395998001098,0.0828518867492675,2.5060144253075123e-06,1.5876139514148235e-06,0.001053974032402,-0.0002351431176066,499.79296875,2684536064.0,2843340416.0,2684536960.0,2843861248.0,-0.3797111511230469,404.3525390625,-4.950855509378016e-05,-12.6099853515625,-133.0640869140625,-12.70501708984375,-0.0001054974272847,-479027.0,-45737.5,0.0638302564620971,63.50129699707031,8.366955444216728e-05,7.618078961968422e-05,8.53617675602436e-05,7.674377411603928e-05,0.0001621111296117,301.00060653686523,-2.204507472924888e-05,-1.5849975170567632e-05,-2.6441848604008555e-06,-9.37565346248448e-07,5.688954843208194e-06,-4.965884727425873e-06,-2.0729494281113148e-05,-2.737337490543723e-05,-3.545184154063463e-05,-2.5227433070540428e-05,2.012064214795828e-06,4.362780600786209e-05,5.668378435075283e-05,7.007061503827572e-05,8.045113645493984e-05,8.427479770034552e-05,8.566968608647585e-05,8.417700883001089e-05,8.138339035212994e-05,7.857591845095158e-05,6.867083720862865e-05,0.0533378686086507,0.2389519610442221,0.9530219677835704,3.760270304977894,19.45393943786621,111.99643790721892,92.29485321044922,87.68761445581913,81.91737365722656,61.030555598437786,55.43885481357575,78.58580017089844,86.34662628173828,84.10810852050781,90.31085205078124,91.73321533203124,93.73843383789062,95.05400848388672,94.56978607177734,91.74006652832033,85.08511352539062,304006.3203125,258605.849609375,233099.939453125,201983.962890625,182180.96875,162368.25390625,139649.701171875,122031.501953125,107472.587890625,94981.1357421875,74210.6865234375,57228.56640625,42879.9775390625,30406.0400390625,19343.75830078125,14248.3896484375,9402.1123046875,7064.11328125,4779.06689453125,2543.515625,351.94140625,0.0020577907562255,-0.0043467134237289,-0.0032929480075836,-0.0025843083858489,0.0059779286384582,-0.0154431462287902,-0.1192452907562255,-0.1568384170532226,-0.1620211601257324,-0.1255989074707031,-0.1373252868652343,-0.1902828216552734,-0.2080135345458984,-0.2078523635864257,-0.1490755081176757,-0.1094636917114257,-0.0528974533081054,-0.01676607131958,9.559407506290267e-06,9.536043258333904e-06,6.367370544305167e-06,-2.5635469779166643e-06,-2.8735100599577265e-06,-3.095188539534343e-06,333.0623427449933,349.5591559009754,347.7702576960744,345.65957927777765,340.9729300804207,336.5472062391016,332.97466445800654,332.75373425258283,326.3261260237382,323.8824672753175,21.1947717938858,19.259645615613174,21.240724914174336,19.192001091174397,1.1253305495639885,295.73071034749347,300.42567342122396,0.00027943296978871025,0.07479770183563232,0.07864993413289388,0.06163981755574544,-1.3027650614579518e-07,-1.758259410659472e-07,0.0009852478901545207,-0.00010022806624571482,399.33671875,2682337203.2,2805300420.266667,2680218325.3333335,2805963502.9333334,-0.3405667622884115,512.6583658854166,-5.785147465455036e-05,-17.68050537109375,-142.8318359375,-17.12147216796875,-9.460741033156713e-05,-514196.7,-61637.35,0.04801641305287679,49.16956712094446,7.505755250652631e-05,5.883484457929929e-05,7.762101789315542e-05,5.951086059212685e-05,0.0001371352312465509,301.31479140222757,-1.549830000537137e-05,-1.4283889322541654e-05,-2.066051820293069e-06,1.977794454433024e-06,1.5786208678036928e-06,-3.395313979126513e-06,-2.4689279962331055e-05,-2.1106889471411704e-05,-1.8738342138628165e-05,-1.1099836168189844e-05,1.432063678900401e-07,-7.7347115923961e-07,6.798573303967715e-06,9.806446420649688e-06,1.168417123456796e-05,1.0624163163204988e-05,9.539055948456129e-06,8.779709848264853e-06,7.980417770644029e-06,7.2177344312270485e-06,6.650287347535292e-06,0.04583013087006596,0.24568019576448327,1.0073362635914236,3.9411068009212613,23.46391447931528,88.10391081074873,87.35963186820348,86.23755444039901,79.42093505859376,72.3232343941927,54.753408839305244,56.33133050103982,63.856301889320214,62.647755229224764,69.05781033386786,70.78734741210937,73.13551637530327,77.90902935365835,83.42815084358057,81.2712890625,75.4337371826172,303969.0528645833,258576.348046875,233088.741015625,201965.61966145833,182188.878515625,162293.56263020833,139466.3078125,121935.871484375,107415.15989583333,94959.24322916666,74258.90872395833,57354.1888671875,43066.16217447917,30649.844010416666,19644.069075520834,14569.029361979166,9732.940462239583,7397.59111328125,5114.19150390625,2879.023470052083,688.0116536458333,-0.0014462639888127645,-0.0002556413412094116,-0.0036814033985137938,2.6490290959676107e-05,0.0017979045708974202,-0.0024370471636454265,-0.01298983891805013,-0.06602163314819336,-0.10475486119588216,-0.10601183573404947,-0.08723468780517578,-0.09321060180664062,-0.0788986841837565,-0.08009656270345052,-0.0672372817993164,-0.04833831787109375,-0.026078446706136068,-0.014308643341064454
9,1000.3425,13.007580757141112,2.157144626835361e-05,-2.252392732771113e-06,-1.759384394972585e-05,-4.7446269491047133e-07,-2.884088644350413e-06,-1.0370245036028791e-06,333.88818359375,350.83526611328125,348.2859802246094,346.0184936523437,341.2331237792969,338.35406494140625,339.42529296875,340.5673217773437,335.2451171875,331.8846435546875,15.213349342346191,14.545787811279297,16.127979278564453,15.46493148803711,1.432685375213623,297.36975860595703,299.9844207763672,0.0004144981503486,0.0845639705657959,0.1369040012359619,0.092294692993164,3.2510142773389816e-06,2.651533577591181e-06,0.0014064759016036,6.871670484542847e-05,1093.6640625,2678344192.0,2834035712.0,2678345984.0,2834608384.0,-0.0624580383300781,403.33447265625,-5.310628330335021e-05,-10.70947265625,-121.707275390625,-10.5830078125,-1.7348676919937134e-05,-438146.0,-38099.25,0.068419337272644,62.25696563720703,8.46455805003643e-05,8.063111454248428e-05,0.0001151417382061,9.77376475930214e-05,0.0002128751948475,300.96338653564453,-1.865829108282924e-05,-1.66193931363523e-05,-1.087988493964076e-06,-9.933864930644631e-07,1.0274641681462526e-05,-1.7489117453806102e-05,-1.4701145119033754e-05,-3.492843825370073e-05,-4.276481922715902e-05,-2.677261363714933e-05,-2.2747553884983063e-06,4.057958722114563e-05,6.138917524367571e-05,6.933335680514574e-05,8.394953329116106e-05,8.783838711678982e-05,8.861394599080086e-05,8.821254596114159e-05,8.432334288954735e-05,8.007371798157692e-05,6.765441503375769e-05,0.0450243204832077,0.2595642805099487,1.050321790855378,4.191030502319336,18.51641060039401,112.2995367348194,92.33777618408205,83.26228332519531,85.4652641415596,58.20418789982796,56.316314697265625,74.85844349861145,84.44568634033203,83.44033813476562,87.19993607699871,89.08868408203125,92.23990631103516,93.45574951171876,93.56880950927734,90.3875961303711,83.36039733886719,303650.962890625,258207.498046875,232791.392578125,201824.72265625,182080.419921875,162251.689453125,139550.216796875,121901.634765625,107332.09765625,94833.046875,74037.12109375,57049.724609375,42692.3349609375,30218.095703125,19156.7353515625,14060.126953125,9211.86572265625,6873.2587890625,4587.40625,2350.282958984375,155.74755859375,0.0018167495727539,-0.0015560835599899,-0.0016437172889709,-0.000669926404953,-0.0031015276908874,-0.0224223136901855,-0.2018227577209472,-0.2189464569091797,-0.1859502792358398,-0.1062965393066406,-0.0480270385742187,-0.0259466171264648,-0.0227870941162109,-0.0474491119384765,-0.0594720840454101,-0.0759038925170898,-0.0451560020446777,-0.0172414779663085,1.0481547968243614e-05,6.770304979669684e-06,3.256041042812195e-06,-4.331877644116478e-06,-2.3504261089187887e-06,-2.4466124181396456e-06,333.7404029687246,349.28217906951903,347.47328763802847,345.3109616279602,340.8020079533259,336.5605446656545,332.56400450865425,332.7978185097376,326.61219721635183,323.9531268040339,20.68889452417692,18.22738382917984,20.887423598766325,18.28756752771636,1.138448856076866,295.4548853556315,300.70867207845055,0.0003875982016324997,0.09306192398071289,0.08032003243764242,0.056356048583984374,-1.5701322505871455e-07,-2.3101068412264187e-07,0.0019466867049535116,-0.00011675854523976645,816.6986979166667,2676199364.266667,2798348970.6666665,2673888341.3333335,2799003229.866667,-0.45707855224609373,562.0917643229167,-5.6781910825520757e-05,-26.053759765625,-140.33851725260416,-26.59515380859375,-0.00012696596483389536,-505218.26666666666,-95742.73333333334,0.048040159543355304,48.844160719340046,0.0001169940767188867,5.83432304362456e-05,0.00010766619816422462,5.657430738210678e-05,0.0001642379288872083,301.29874032435487,-1.5965282606581847e-05,-1.4811496172721188e-05,-2.761342329904437e-06,3.3354959062611062e-06,9.971612598747014e-07,-2.8974910189087194e-06,-2.5608690339140595e-05,-2.0131038036197423e-05,-1.8102178970972696e-05,-1.1318836671610673e-05,-5.589720482627551e-07,-2.3903946081797284e-07,6.561183060208956e-06,9.569393781324227e-06,1.0821487133701643e-05,9.86582599580288e-06,9.133853018283844e-06,8.403587465484937e-06,7.660159220298131e-06,7.013681655128797e-06,6.797281093895435e-06,0.04599735456334505,0.2443292697270711,1.1097104598147174,4.338259442647298,24.10811660438776,91.91707207262516,86.5736811225613,84.34398091634115,77.30047886669635,72.50177180568377,54.96780338237683,55.81459047297637,63.53480580647786,62.66454846262932,69.20134916404884,71.04146025429169,73.8380133430163,77.26317863762378,82.12060292462508,79.9333412806193,74.53467915604512,303661.155078125,258264.74296875,232827.84075520834,201831.59479166666,182069.32643229168,162221.69817708334,139387.02200520833,121828.04075520833,107287.11510416666,94815.94244791666,74093.36373697917,57181.05774739583,42891.77747395833,30477.103255208334,19473.612369791666,14397.960416666667,9560.493880208332,7223.843619791666,4938.62470703125,2701.145654296875,508.35048828125,-0.0005535095930099488,0.00024803678194681804,-0.003158670663833618,-0.005163141091664632,-0.0026527206103007,-0.010547240575154623,-0.02281818389892578,-0.08672618865966797,-0.1293871561686198,-0.13260122934977214,-0.12299270629882812,-0.13493900299072265,-0.11493148803710937,-0.10797278086344402,-0.08286857604980469,-0.060214996337890625,-0.03845052719116211,-0.029643980662027995
10,999.466875,13.17536735534668,1.000858082988998e-05,2.954719548142748e-06,-8.973057447292376e-06,-6.938601472938899e-06,-4.663898380385945e-06,-8.729195144496772e-08,333.3645324707031,350.2338562011719,347.6820373535156,345.6167907714844,341.76959228515625,340.00421142578125,340.1333312988281,340.5291442871094,334.9855651855469,332.09552001953125,16.340118408203125,14.473453521728516,16.933504104614258,15.214309692382812,1.365715503692627,297.1760940551758,299.62896728515625,0.0006559193134307,0.0701345205307006,0.1230790615081787,0.0624313354492187,1.254549715667963e-06,2.394022885710001e-06,-0.0005602985620498,-0.0001140497624874,4.48046875,2675368448.0,2831945472.0,2675370752.0,2832488832.0,-0.0941581726074218,157.5166015625,-5.403836257755757e-05,-10.54400634765625,-119.432861328125,-10.2742919921875,-2.6153400540351868e-05,-429954.0,-36985.5,0.0535697937011718,62.61078643798828,0.0002238187007606,7.986649870872498e-05,0.0001821988262236,8.518435060977936e-05,0.0002673859708011,300.8727188110352,-1.543905818834901e-05,-1.7693833797238767e-05,-3.973007551394403e-06,-8.973584044724703e-07,1.721949956845492e-05,-1.5328070730902255e-05,-1.3151729945093392e-05,-3.433154779486358e-05,-3.064482007175684e-05,-1.6710488125681877e-05,2.730987034738064e-06,4.4250511564314365e-05,6.778922397643328e-05,8.394313044846058e-05,9.226193651556967e-05,8.877215441316366e-05,8.729007095098495e-05,8.575781248509884e-05,8.269748650491238e-05,7.837382145226002e-05,6.44647516310215e-05,0.0450522229075431,0.2389698231127113,0.9567839640658348,4.248897552490234,22.25442123413086,101.1796417236328,92.4599151611328,88.68197640776634,89.82390594482422,58.62580108642578,53.54263772070408,68.35845786333084,86.38165283203125,86.47563934326172,92.742889508605,93.5170440673828,92.86534118652344,93.2048568725586,93.35875701904295,89.81597137451172,83.63092803955078,303579.380859375,258163.408203125,232660.630859375,201688.060546875,182021.85546875,162194.93359375,139472.82421875,121849.416015625,107282.18359375,94783.95703125,73971.5810546875,56970.130859375,42597.208984375,30113.234375,19046.70458984375,13954.55224609375,9114.16162109375,6779.66162109375,4497.060546875,2262.592529296875,70.51220703125,-0.00254987180233,0.0009668618440628,-0.0027717947959899,-0.0005656778812408,-0.00639608502388,0.0014050006866455,-0.1601097583770752,-0.1488862037658691,-0.1235675811767578,-0.0358667373657226,-0.0073728561401367,-0.0681085586547851,-0.1188764572143554,-0.0738277435302734,-0.14031982421875,-0.1127204895019531,-0.0390691757202148,0.0020623207092285,9.284942083518964e-06,6.718818204301872e-06,5.583179032104833e-06,-3.9568524993075474e-06,-2.269739028767506e-06,-2.5250153110789207e-06,332.99826357266727,348.9805458047168,346.9567026755693,344.88739847761195,340.8391370524488,336.76988032189985,332.51405230802766,332.4742394429835,325.8248893720055,323.0692622806329,20.64549124915296,19.14862067700664,21.05451408198748,19.4573398123906,1.1156841211215345,294.8267410108822,300.8441381432295,0.00043772868917943647,0.08914364317349764,0.06880241202864651,0.05344011863052183,3.074555415049045e-08,-2.258184174178214e-07,-0.0011164839185814745,-6.440768051566279e-05,-223.78185243638595,2672340459.631103,2790564359.274606,2669430282.1844482,2791211466.1679153,-0.38796151943891677,366.59700335830536,-5.512958783699665e-05,-15.382091935122546,-132.2139643770384,-20.81984963561176,-0.00010776884605551345,-475968.8349263756,-74951.00619994833,0.037187391521086285,47.27447900744995,0.00012387902322156706,5.351551679701375e-05,0.00012159235130690445,5.5257616902900525e-05,0.00017684785871966438,301.24524508438606,-1.6517425569467722e-05,-1.5162489257960524e-05,-4.091916141462075e-06,3.353693809175493e-06,-2.481462430926841e-08,-3.5301949363021413e-06,-2.4806214046590676e-05,-2.1223636399470973e-05,-1.9401483775701857e-05,-1.365882824520306e-05,-1.3681354775381962e-06,7.977410602387887e-07,7.774564227052235e-06,1.0159719173366542e-05,1.1052245522474664e-05,1.0086186071393471e-05,9.207097436723646e-06,8.580703670854286e-06,7.922474539821168e-06,7.273309443793658e-06,6.979277301642267e-06,0.04242846949660664,0.2185983711844481,1.1165775159738132,4.837468074600507,23.91957820438039,96.0314288916621,84.61499767998212,83.002249393744,79.35314667548236,69.86692286609403,55.4777348527487,52.72489760612462,62.490558852893194,62.64232753580222,67.93154478405711,68.45434661762746,70.21372398607062,73.09792681363656,77.43523576800997,76.46807103118857,71.76939309213057,303643.862454792,258165.9642049858,232652.4467676311,201756.36142146733,182008.64702273314,162224.09293464222,139367.93046047533,121775.11868703178,107230.75883169724,94755.56004585378,74025.57794739731,57116.99314009623,42829.522940010655,30412.298346276802,19406.1269284019,14329.122907113795,9490.106083547937,7152.319092616774,4866.089983637344,2627.83911460772,435.25960769988376,3.605120190044178e-05,0.0023564034055228444,0.0021612717488790722,-0.005681420983162015,0.0006603416747376766,-0.0027934673435464443,-0.019098564932371595,-0.07998296747032724,-0.13264581024477384,-0.13642857654308416,-0.09432956175236269,-0.07943079792477,-0.047766563782116696,-0.03292727267147804,-0.01268229660708231,-0.005731309916861635,-0.0007713931809713353,0.00014921689458485878
11,1001.390625,14.137432098388672,7.083080163283739e-06,2.7119222067995e-06,-5.611507731373422e-06,-1.0433444003865588e-05,-2.297256514793844e-06,3.3438609534641728e-06,332.6672668457031,350.3470764160156,347.71685791015625,345.2864990234375,341.8147888183594,339.51092529296875,340.5914611816406,340.76177978515625,335.1031799316406,332.2460327148437,16.728002548217773,14.06804656982422,17.26267433166504,14.743270874023438,1.3429574966430664,297.13233184814453,299.70653533935547,0.0005611246451735,0.0644135475158691,0.1233973503112793,0.0484428405761718,3.1897798180580146e-08,2.3120082914829254e-07,-0.0029270350933074,-9.451992809772491e-05,-963.83203125,2679328128.0,2837082624.0,2679330304.0,2837606400.0,-0.5631484985351562,174.333984375,-5.145999602973461e-05,-11.30047607421875,-125.6378173828125,-9.78070068359375,-0.0001564379781484,-452305.25,-35211.0,0.0375114679336547,63.08110809326172,0.0001246035099029,6.531737744808197e-05,0.0001558628864586,6.224866956472397e-05,0.0002181427553296,300.8418960571289,-1.8428516341373324e-05,-1.777595025487244e-05,-5.236870492808521e-06,1.3632525224238634e-06,1.6316233086399734e-05,-1.4289747923612596e-05,-1.755650737322867e-05,-2.379948273301125e-05,-2.046063309535384e-05,-9.880575817078352e-06,3.4779077395796776e-06,5.2051153033971786e-05,7.29585881344974e-05,7.652316708117723e-05,8.216407150030136e-05,8.458388037979603e-05,8.789659477770329e-05,8.8095897808671e-05,8.397805504500866e-05,7.902912329882383e-05,6.748829036951065e-05,0.0421056412160396,0.1808563321828842,1.0096435779705644,4.288714022375643,27.43345642089844,95.67708587646484,97.45319359004498,95.915351703763,88.25994132459164,62.60660333931446,57.9165267944336,67.57058715820312,84.79778289794922,85.95934295654297,94.57408905029295,94.24562072753906,93.92486572265624,93.89572143554688,94.3582763671875,91.5437240600586,84.55908966064453,303787.166015625,258271.095703125,232637.599609375,201769.453125,182118.001953125,162256.91015625,139565.6015625,121947.203125,107374.77734375,94879.599609375,74085.712890625,57093.6416015625,42719.6748046875,30234.6552734375,19171.8095703125,14080.93017578125,9241.0576171875,6906.32861328125,4623.94580078125,2390.388671875,199.2548828125,0.0034980475902557,0.0067336112260818,0.005888819694519,0.0037731528282165,-0.0093984007835388,0.0162426233291625,-0.1380338668823242,-0.1451530456542968,-0.1015625,-0.0516157150268554,-0.043623924255371,-0.0087165832519531,0.0045976638793945,-0.0410490036010742,-0.1383981704711914,-0.1031875610351562,-0.0236668586730957,0.0248122215270996,8.385231803626428e-06,6.865836900269175e-06,3.5326713455360607e-06,-2.7982052498703798e-06,-1.8120097214203708e-06,-2.0021515515035075e-06,331.61847281554924,348.9950470746305,346.7916026689205,344.66448752217275,340.66115021606697,336.29170768389565,332.4835738186025,331.8025354567405,325.3993253351742,322.7126377390628,21.143694730931543,19.11456161123774,21.633964418081945,19.48316340088454,1.107601832732736,294.6965214266322,300.45184946653757,0.00036470554923615514,0.08023117192058643,0.055627672504092646,0.04294082831544995,1.7581418682183467e-07,-6.189720542846379e-08,-0.002007826482606627,-5.5397880027897625e-05,-625.49377593361,2675329251.319502,2791515849.825726,2672017569.460581,2792140977.394191,-0.2966925909905018,408.18484180497927,-4.991414353900678e-05,-5.478405204551349,-120.69166153397303,-6.608216091804979,-8.242048663222444e-05,-434489.0622406639,-23789.65560165975,0.030232623404981684,46.45966916311826,9.464661115432676e-05,3.9501865375091423e-05,0.00010130637908872232,4.365038574978524e-05,0.0001449525603614902,301.2233477733551,-1.702807492023929e-05,-1.4481955054274053e-05,-5.62421216472937e-06,2.4444799912761107e-06,1.0139252232093968e-06,-5.917824709138744e-06,-2.5396193140978575e-05,-2.2341143649025084e-05,-1.9780890552396597e-05,-1.5479415902458284e-05,-2.5031323007528218e-06,7.618373236715546e-07,7.782995128903647e-06,1.0058626772147986e-05,1.069874583871038e-05,9.756510173013101e-06,8.589082834198761e-06,7.43962499734277e-06,6.439308230127537e-06,5.6208582803668814e-06,5.040242417843015e-06,0.04311644492566555,0.19982032002919814,0.9413636756975868,5.404978652960037,23.425786496939995,93.78626956484625,86.06248446223152,83.97448127249959,79.60723562804495,68.70500099621867,55.34195905503395,51.28841700890252,59.454198111884324,60.26206245956579,67.30989464783569,67.21316167427791,68.7754945923184,70.87877984511901,75.6428061164761,76.33357856085686,72.80170427714145,303862.9085840249,258373.83143153528,232726.65508298756,201803.33337655602,182095.25894709543,162290.05173755187,139447.08000518673,121875.99014522822,107340.46058091287,94868.64308869294,74146.35898599584,57239.10726789419,42956.470484310164,30542.893380446058,19533.57039354253,14454.622131094398,9613.97180935555,7275.61388704292,4989.101937321707,2751.384607592064,560.2889490404565,-0.00014532181237248464,0.0030995478768566335,0.005743250807291244,-0.0008014081919341661,0.002658310767525954,0.005252079350325082,-0.02370114148405083,-0.07719478765463927,-0.1237075497005985,-0.12299966614276048,-0.07297966984792369,-0.05808893971423391,-0.024509228116743793,0.0014461461933816617,0.014413857361093102,0.014234546803834527,0.01381906533142343,0.013049442243773907
12,1001.234375,13.275362968444824,1.6475880329380743e-05,-6.240636139409617e-06,-1.0099921382789034e-05,-8.136589713103604e-06,3.649692871476873e-06,3.857966476061847e-06,335.3638000488281,350.7895812988281,347.7948303222656,345.222412109375,341.97540283203125,339.1053161621094,340.993408203125,341.4635314941406,335.3483581542969,332.3937683105469,16.641637802124023,13.528878211975098,17.456926345825195,14.456615447998049,1.3573046922683716,297.1820755004883,299.5328750610352,0.0006823539733886,0.077915072441101,0.1378593444824218,0.0426506996154785,8.080533007159829e-07,2.2671883925795558e-07,0.0020875930786132,-0.0002279970794916,716.3671875,2682337536.0,2840862336.0,2682337280.0,2841301632.0,-0.4967613220214844,241.73291015625,-4.352806718088687e-05,-11.7000732421875,-112.20526123046876,-10.77734375,-0.0001379884779453,-403940.25,-38797.25,0.0389809608459472,63.38983917236328,0.0002319267950952,6.434228271245956e-05,0.0001895427703857,6.840191781520844e-05,0.000257940031588,300.8367233276367,-2.056296216323972e-05,-1.4697361621074378e-05,-6.76678610034287e-06,1.2216987670399249e-05,5.232650437392294e-06,-4.6083732740953565e-06,-2.1776824723929167e-05,-4.207133315503597e-06,-4.7871144488453865e-06,-1.071701990440488e-05,3.071967512369156e-06,4.919769708067179e-05,6.980606121942401e-05,8.18478874862194e-05,8.62291781231761e-05,9.03848558664322e-05,9.490177035331726e-05,9.663868695497511e-05,9.520398452877998e-05,9.11300303414464e-05,7.655867375433445e-05,0.0382889658212661,0.1820909678936004,0.6900622844696045,4.559782915748656,27.87317043542862,95.19715881347656,99.60628509521484,101.18522644042967,91.01760102808475,66.80259704589844,55.29851992428303,66.90568369626999,83.34931182861328,86.24948120117188,93.90424346923828,94.4144287109375,95.09156036376952,95.3323745727539,95.04737091064452,92.40444946289062,86.33003234863281,304258.884765625,258702.55078125,232837.419921875,201902.603515625,182142.390625,162320.37109375,139634.212890625,122028.78125,107456.212890625,94962.37890625,74175.9765625,57178.12109375,42797.6787109375,30304.9296875,19238.99755859375,14145.93505859375,9303.7265625,6968.24951171875,4685.63037109375,2452.34716796875,262.591552734375,-0.0007780939340591,-0.0005556643009185,0.0106205642223358,-0.0108289420604705,0.0043960809707641,0.0014570951461791,-0.1606428623199463,-0.2587041854858398,-0.1966018676757812,-0.1102743148803711,-0.0834341049194336,-0.0772914886474609,-0.162078857421875,-0.207244873046875,-0.1879730224609375,-0.1442441940307617,-0.0713081359863281,-0.0255179405212402,9.014424489744516e-06,9.903936525251707e-06,1.6283649433960723e-06,-2.324667357664023e-06,-1.2658099918775686e-06,-8.7178765271547e-07,330.5150655767647,349.40084748205305,346.98772410513726,344.7049905140866,340.6805307816486,336.03118125464187,332.68166192660067,331.4097788442909,325.32161502744515,322.7375649738238,21.43505773929871,18.981484719731338,22.004385363375054,19.401928997430897,1.1181552182200711,294.88040313720705,300.0215077718099,0.00024455878883600235,0.06577231089274088,0.05157354672749837,0.02813866933186849,1.0185370532174904e-08,-1.3942675044139227e-07,0.000766374667485555,-1.4598791797955831e-05,269.12473958333334,2677330210.133333,2792904652.8,2673883136.0,2793505698.133333,-0.22376708984375,473.8577473958333,-4.703890299424529e-05,-5.2743408203125,-113.11822509765625,-6.563045247395833,-6.215386092662811e-05,-407225.61666666664,-23627.383333333335,0.027704358100891113,46.21513135693967,6.6581213225921e-05,2.9218134780724844e-05,6.793215870857239e-05,3.074562797943751e-05,9.867769355575244e-05,301.21790719579286,-1.8144864588975908e-05,-1.3840577836769323e-05,-6.2832278975596035e-06,1.3910263078287245e-06,1.8847107033555706e-06,-7.5631920481100675e-06,-2.6127416640520094e-05,-2.4303762863079707e-05,-2.070023523022731e-05,-1.3863213825970889e-05,-3.0153198167681696e-06,1.5415716916322708e-06,7.831293623894453e-06,8.859873438874881e-06,8.804032889505227e-06,8.135808942218621e-06,7.0497626438736916e-06,5.964996914068858e-06,4.487864983578523e-06,3.3476312334338825e-06,3.1012420852979025e-06,0.04477576315402985,0.18642815152804057,0.7629439818517615,4.963822824383775,22.992315885424613,89.92841186523438,89.75049692789713,87.10884396682182,78.87434341013432,68.54455871582032,54.747319575647516,52.43771659731865,58.10418809354305,59.115798395375414,67.36482407202324,66.78234798212846,68.2173334757487,70.17717159986496,75.18411411270499,76.47429529577494,74.04958699544271,304141.02838541666,258689.839453125,232922.05481770833,201857.73216145832,182143.05143229166,162282.89635416667,139444.24036458333,121900.2109375,107377.367578125,94915.03704427084,74208.9681640625,57312.44544270833,43035.622330729166,30623.251432291665,19610.639029947917,14530.647493489583,9689.419140625,7351.096126302084,5064.90205078125,2827.944921875,638.0225748697917,-0.0004142781098683675,0.0006522973378499349,0.003602472941080729,0.002895865837732951,0.0006728808085123698,0.006710465749104818,-0.022508764266967775,-0.06792189280192057,-0.10957692464192709,-0.10939280192057292,-0.05381145477294922,-0.027903429667154946,0.00896593729654948,0.019481786092122397,-0.0009337107340494792,-0.010675493876139324,-0.010216649373372395,-0.009494590759277343
13,999.846875,13.511722564697266,1.0560309419815894e-05,-8.567108125134837e-06,-1.8587768863653764e-05,-7.11508619133383e-06,2.8585886866494548e-06,3.2050006666395348e-06,335.38482666015625,351.39190673828125,347.93426513671875,345.014404296875,341.9091186523437,338.0216064453125,341.7374267578125,342.0694580078125,335.5910949707031,331.8102722167969,17.374433517456055,15.071847915649414,18.42223358154297,16.180095672607422,1.4101940393447876,297.1255111694336,299.5241012573242,0.0010118065401911,0.0855704545974731,0.1449995040893554,0.0545063018798828,2.8267386369407177e-06,2.565211616456509e-07,0.0015098601579666,-0.0002221353352069,698.140625,2675956736.0,2833373568.0,2675958912.0,2833793536.0,-0.8294258117675781,260.595703125,-5.0576403737068176e-05,-13.22723388671875,-123.479248046875,-12.57952880859375,-0.000230386853218,-444525.5,-45286.5,0.0437486171722412,62.946327209472656,0.00028533115983,7.988419383764267e-05,0.0002810542937368,6.744451820850372e-05,0.000348494388163,300.8367233276367,-1.9805273041129112e-05,-1.585738209541887e-05,-5.2579998737201095e-06,1.2701028026640415e-05,7.523340173065662e-09,-1.4051329344511032e-07,-2.217019209638238e-05,-2.550834324210882e-06,-1.1173193342983724e-05,-7.775728590786457e-06,1.1596130207180977e-06,4.1999039240181446e-05,6.612844299525023e-05,8.224695920944214e-05,9.103934280574322e-05,9.595707524567842e-05,0.0001009999541565,0.0001023672521114,9.855092503130436e-05,9.477348066866398e-05,7.758405990898609e-05,0.0442385859787464,0.1966802775859832,0.565842866897583,5.474215984344482,23.24720001220703,101.78704838454723,98.87061309814452,98.64435577392578,93.494544968009,71.31240229308605,55.07571715116501,67.70083023607731,83.16761802136898,86.70463562011719,93.87944793701172,94.68457794189452,95.41373443603516,95.45506286621094,94.55091094970705,92.05007934570312,85.77960968017578,303930.9140625,258514.5625,232719.576171875,201648.314453125,181887.888671875,162147.92578125,139429.689453125,121831.4453125,107259.513671875,94769.0107421875,73997.546875,57008.8095703125,42637.28125,30148.873046875,19083.79541015625,13990.1865234375,9147.29541015625,6812.0888671875,4529.86376953125,2296.68701171875,106.748046875,-0.0041924566030502,0.0030262768268585,0.0035538673400878,-0.0090627074241638,0.0058957040309906,-0.0116353631019592,-0.1314592361450195,-0.2398366928100586,-0.1955132484436035,-0.1472272872924804,-0.1451454162597656,-0.1603469848632812,-0.2149076461791992,-0.2201547622680664,-0.1743507385253906,-0.1290493011474609,-0.0580577850341796,-0.0184240341186523,9.48234632519145e-06,9.976890974645415e-06,1.2481522100375037e-06,-2.2112439330074693e-06,-6.120707496002261e-07,-1.6987320380260366e-07,330.52313160101573,349.9154020388921,347.3705633242925,344.8477773507436,340.8139765183131,336.2863833983739,333.34251305262245,331.7313393115997,325.742240357399,323.6771817843119,21.12249780660495,18.251148270318904,21.68364385664463,18.644855482876302,1.115871759878549,294.88941090901693,299.6442342122396,0.0002482003842790922,0.05728581746419271,0.05114010175069173,0.016912142435709637,-8.456797028581301e-08,-2.840145801504453e-08,0.001564629872639974,-8.439769347508748e-06,540.22734375,2671601297.0666666,2786653866.6666665,2668157926.4,2787232537.6,-0.07877426147460938,555.3397786458333,-4.7723894628385706e-05,-6.675431315104166,-119.34856770833333,-6.390096028645833,-2.188806732495626e-05,-429654.9666666667,-23004.166666666668,0.01961824893951416,46.00633359303077,7.512982313831648e-05,1.851636916399002e-05,6.89434198041757e-05,1.847964401046435e-05,8.7424802283446e-05,301.21790719579286,-1.8594002661605676e-05,-1.290688815061003e-05,-5.47905801795423e-06,1.4402360344926516e-06,1.1772043459738295e-06,-6.078870501369238e-06,-2.6649605327596267e-05,-2.4594025065501533e-05,-1.8205074593424796e-05,-1.119857964416345e-05,-1.941233252485593e-06,2.549891360104084e-06,8.22191359475255e-06,8.048885501921176e-06,7.1570587654908495e-06,6.295585383971532e-06,5.4934062063694e-06,4.515315716465315e-06,3.5406555980443954e-06,2.595859890182813e-06,2.417503856122494e-06,0.04847442530250798,0.20054316719373066,0.7472730477650961,4.736211314673225,24.375887552897137,88.21337109208108,89.18927764892578,87.61235707600912,78.08586157162985,69.23704217125972,54.88327228650451,53.51736481189728,55.67586846252282,58.9823757275939,68.03574676513672,67.12469448198875,68.29539614121119,69.98043539921443,75.61775665283203,78.72692036430041,76.05108591715495,303804.9747395833,258529.21875,232779.98567708334,201653.87552083333,181938.380078125,162091.08450520833,139246.72877604168,121718.68997395833,107206.64895833333,94755.54856770833,74063.204296875,57170.80182291667,42891.4376953125,30476.42890625,19462.713346354165,14383.052734375,9542.356705729168,7204.468522135417,4918.988216145834,2683.3659505208334,495.00299479166665,-0.00044392844041188557,-0.0014633615811665854,0.0009750346342722575,0.0017719268798828125,-0.002037183443705241,0.0005578796068827311,-0.01941372553507487,-0.06124712626139323,-0.09591681162516276,-0.08911940256754557,-0.0348046620686849,-0.010111427307128907,0.016722679138183594,0.012130928039550782,-0.01291205088297526,-0.021979459126790366,-0.01771262486775716,-0.014523633321126302
14,999.85875,13.525671005249023,2.137746923835948e-05,-3.657514753285796e-06,-1.7184778698720038e-05,-7.1427944021706935e-06,-2.442664936097572e-06,-3.29840850099572e-06,332.5437927246094,351.8124084472656,348.3277893066406,345.1381530761719,341.8143310546875,337.8526306152344,342.6434326171875,342.8958740234375,335.952880859375,332.1933288574219,16.146892547607422,15.056243896484377,17.056934356689453,16.06934356689453,1.270117998123169,296.9989318847656,299.43331146240234,0.0006061634048819,0.1261042356491089,0.1488234996795654,0.0760378837585449,4.3629552237689495e-06,5.317851901054382e-07,0.000722199678421,-8.861348032951355e-05,588.1171875,2675684864.0,2835831936.0,2675688320.0,2836234624.0,-0.3028640747070312,310.0458984375,-4.7571840696036816e-05,-11.05938720703125,-122.997802734375,-12.66357421875,-8.41403380036354e-05,-442798.75,-45587.75,0.0598189830780029,64.0384691208601,0.0001376057043671,6.271665915846825e-05,0.000168373575434,6.299791857600212e-05,0.0002313791774213,300.3493957519531,-2.2083273506723344e-05,-1.547645661048591e-05,-3.6131386877968903e-06,7.094175089150667e-06,-5.510650225915015e-06,-3.9415317587554455e-06,-2.5088025722652677e-05,-5.920766852796078e-06,-1.4052086044102907e-05,-2.3778993636369705e-06,4.219706170260906e-06,3.4615048207342625e-05,6.77962671034038e-05,8.300167974084616e-05,9.370071347802876e-05,9.742495603859425e-05,0.0001054401509463,0.000107973231934,0.0001045673852786,9.948865044862032e-05,8.009711746126413e-05,0.0611950845050159,0.1992851495742797,0.5976111905183643,6.094064712524414,20.42702674120665,101.35837572813034,98.1563720703125,98.17593386769296,97.29848481714724,86.7623519897461,65.70151308178902,74.35000611841679,84.32655334472656,86.8460464477539,93.26248931884766,93.71642303466795,94.32027435302734,94.12769317626952,94.22148895263672,91.68824768066406,85.20759582519531,303651.54296875,258593.05078125,232872.712890625,201608.189453125,181860.900390625,162088.3125,139360.61328125,121790.970703125,107244.369140625,94773.837890625,74014.873046875,57018.9638671875,42636.873046875,30144.150390625,19077.54443359375,13982.46337890625,9136.36376953125,6798.74072265625,4514.53564453125,2280.274658203125,88.948974609375,-0.0032937675714492,-0.0025056302547454,-0.0039262771606445,-0.0015572309494018,0.0062722265720367,-0.0065314769744873,-0.1230947971343994,-0.2349467277526855,-0.2528009414672851,-0.2202563285827636,-0.1365509033203125,-0.080327033996582,-0.1164121627807617,-0.1288423538208007,-0.1047697067260742,-0.1020088195800781,-0.0495929718017578,-0.0104637145996093,8.247458200431145e-06,1.179484054040098e-05,1.741023459591936e-06,-5.235086269468112e-06,-3.700289503573592e-06,-1.028227161798736e-06,330.19697511279287,350.3735392636275,347.6735689266188,344.8938939758001,340.77899892851843,336.05503002059334,333.2196894620808,331.82767131217105,325.90287787462813,323.86624524711,21.198483746270743,17.716406218305295,21.777612225410707,18.16011494772282,1.048699126477098,294.8929510291496,299.2804016728205,0.00030462078517242726,0.05313539221686499,0.058343373414189645,0.023530495440858307,-1.0050049624726989e-07,-8.664427609506488e-08,-0.00037119860367022323,-6.400921303337164e-05,-160.84801044626712,2668701439.5370708,2781738996.889693,2664621554.8395762,2782300231.754069,-0.26488672846264694,425.67685998450014,-4.6561289931380665e-05,-5.508314782598166,-119.39758821101621,-6.211164233543497,-7.35818319652038e-05,-429831.0118832343,-22360.691035908036,0.02013731286126001,45.200374327220835,8.60334766893478e-05,1.69744666495455e-05,8.461660761083013e-05,1.5938352842535414e-05,0.00010055887147888168,301.03966987050916,-1.9063678002691083e-05,-1.3624028116211996e-05,-5.909108787592673e-06,5.591812474882648e-07,-1.571742450770061e-06,-6.634789538018557e-06,-2.7773318450404243e-05,-2.4864793132828922e-05,-1.9130882780851706e-05,-1.3373330660362601e-05,-2.168769748735662e-06,2.2061238798198083e-06,8.019634448636628e-06,7.615644591580186e-06,6.20659419583954e-06,4.698179668964141e-06,3.285743936114889e-06,2.380248360784286e-06,1.6618184037978136e-06,1.2072978612950716e-06,1.4358348817256833e-06,0.05098798558947437,0.22697234477100062,0.717287429079348,4.598687299306126,24.229799913639432,86.40630108205825,88.30380789052913,87.15067197592245,77.91813591228102,67.04687914864341,53.04960538779879,51.04155432312595,54.325479746419184,59.42969854177969,67.392746292199,65.74533107341706,66.98133636450959,68.93654991126252,75.5741111478951,78.65185858032494,75.82448119890533,303582.3622287523,258508.92524541463,232821.77893309222,201616.67892663393,181900.1172016275,162037.61382717645,139204.51688840092,121676.24782033067,107178.80421725652,94740.65843774218,74049.86293512658,57145.12347019504,42853.23136887271,30435.732606036876,19428.13470356497,14351.733962275575,9513.18465129327,7176.413549621787,4892.380102293093,2658.542225480234,472.53141757469405,-7.480523038729621e-05,-0.0016702598639773756,0.0006758619327934421,0.00045991435096541663,0.0014836399076644594,0.004205588606462649,-0.005613990730476823,-0.04679344643366426,-0.0808313202716312,-0.07448362115432791,-0.029305135578617695,-0.024176884855419682,-0.011694132588809542,-0.02331927025296589,-0.02872956048546143,-0.018103452469144056,-0.00211540878481164,0.0060877616446753
15,1000.43875,12.95095157623291,2.6990033802576363e-05,-7.0160299401322845e-06,-1.2612602404260542e-05,-4.328875093051465e-06,1.9040438701267703e-06,-7.479663509002421e-06,333.43896484375,351.78887939453125,348.3627624511719,345.12481689453125,341.57769775390625,338.19970703125,343.0696105957031,342.6410522460937,336.28790283203125,333.12945556640625,13.815091133117676,12.753666877746582,14.60914707183838,13.454435348510742,1.322138428688049,297.16394805908203,299.4725570678711,0.0009095296263694,0.1797155141830444,0.1204880475997924,0.1210660934448242,7.833237759768963e-06,1.4889519661664965e-06,-0.001722827553749,-0.0002904050052165,-382.21875,2679347968.0,2840647552.0,2679349760.0,2841067008.0,-0.8856315612792969,333.6015625,-4.494705353863537e-05,-10.96038818359375,-115.667724609375,-12.4034423828125,-0.0002460218966007,-416406.5,-44651.75,0.0518085956573486,64.49904808402061,0.0002637151628732,7.24908895790577e-05,0.0002526398748159,7.337518036365509e-05,0.000326033681631,300.41690826416016,-2.584035973995924e-05,-1.483493542764336e-05,-5.939073162153363e-06,-2.811328158713877e-06,-1.829961547628045e-06,-7.415481377393007e-06,-1.6838661395013332e-05,-1.5853089280426502e-05,-4.5933411456644535e-06,4.121335223317146e-06,2.6321271434426308e-05,4.665669985115528e-05,6.994092836976051e-05,8.928659372031689e-05,9.65335639193654e-05,0.0001019039191305,0.0001080598449334,0.0001098579959943,0.0001079333014786,0.0001023998484015,8.45863251015544e-05,0.0683816979726543,0.2339052557945251,0.7168081998825073,5.423036575317383,19.572114892303944,101.38502502441406,98.18264771997929,98.32293701171876,95.69515205919744,87.17564392089844,65.66438293457031,72.08268737792969,84.9032211303711,87.49675750732422,93.07620239257812,93.67378997802734,94.26470184326172,95.91030883789062,94.99546813964844,92.67931365966795,86.02961730957031,303537.916015625,258707.189453125,233083.23828125,201749.978515625,182046.716796875,162230.74609375,139492.11328125,121919.658203125,107376.6953125,94898.1435546875,74112.5771484375,57102.525390625,42714.341796875,30224.28662109375,19156.3876953125,14060.4677734375,9213.7548828125,6876.1259765625,4592.1806640625,2357.588623046875,165.974853515625,0.0035842508077621,-0.001939907670021,-0.004233956336975,0.0072267949581146,-0.0029601752758026,0.0032905340194702,-0.1614131927490234,-0.3112149238586426,-0.3647613525390625,-0.3430862426757812,-0.2367372512817382,-0.1873006820678711,-0.2077550888061523,-0.2043237686157226,-0.1674718856811523,-0.1201076507568359,-0.0402874946594238,0.0121116638183593,8.741516801984716e-06,1.1438837214155144e-05,-1.1728648566953444e-06,-8.068198887930896e-06,-3.488832418292879e-06,-7.055020166714899e-07,331.3661289712743,350.0075090270854,347.4151247261538,344.6593377466382,340.3955366745133,335.34629953039985,332.9759819722551,331.8548337384054,325.55032768042565,323.0639469951845,20.346907954535045,17.383337561026682,20.913271380160644,17.766693976553057,0.9712733166326954,294.44853191454877,298.8960852405342,0.00024276106189395383,0.048147541853402163,0.060966278012857394,0.026056186786825725,-2.627575932325664e-07,-2.0052418421907545e-08,-0.002364534312758703,-8.799908566771702e-05,-892.9673884854772,2669345090.9211617,2778618918.240664,2663920992.6639004,2779185556.713693,-0.30362331026322614,380.2487357365145,-4.439904254038057e-05,-5.570325669411307,-114.36579559452801,-5.159705450920643,-8.43395057802873e-05,-411715.57261410786,-18574.941908713692,0.022440985525297427,43.69560870515855,6.557515671639027e-05,2.0962378543442215e-05,6.743232986244423e-05,2.039393943375077e-05,8.782206481917765e-05,300.98524342346695,-1.9276845056362668e-05,-1.3998200543537828e-05,-5.770652314369794e-06,6.186709322877754e-07,-2.944052313102788e-06,-6.361868371607357e-06,-2.9729235785939882e-05,-2.550971365815871e-05,-2.1354856618768943e-05,-1.4647647266998826e-05,-4.551541523938357e-06,-1.3242943281949308e-07,5.508768198339276e-06,6.345024378777045e-06,5.644098836233012e-06,4.093456410520799e-06,2.4963193476447425e-06,1.4670378686976136e-06,9.482979573525829e-07,7.205934522681216e-07,1.0355302283378063e-06,0.054024241455053884,0.24416603562248199,0.7125568701518522,4.4995145125013165,23.407304270880847,83.74097431250134,86.41941509306183,84.68681816639247,75.99815219195551,61.67175089113445,47.93254936854375,44.10388609902987,51.435261758531276,57.17116342169615,66.03159138622125,64.50042885863435,65.38286784971403,68.36721206601725,74.94466365323522,78.25712499974674,76.0139676169241,303598.276063278,258677.9671939834,233040.36618257262,201789.7572614108,182046.8331172199,162159.61605290457,139315.39808091286,121785.06081431535,107289.01983921161,94854.61060684647,74166.05517375519,57258.80692427386,42964.44539354253,30548.973969139006,19547.727567427384,14473.872001426349,9637.21411436722,7301.278587752853,5018.439844155213,2786.4083257018283,603.1229931843231,0.0008181553658608084,-0.0014489315357445682,0.00034323668578848304,0.0017624116537481918,0.0038512430745041718,0.006977660527367809,0.008206505993095177,-0.03400008411328328,-0.06157311166470476,-0.05388172830288836,-0.01476376877780772,-0.018361008513517893,-0.019148878042134013,-0.03469629010718888,-0.02287207797355177,-0.001968581646804493,0.019342303770706365,0.02908239720767959
16,1001.784375,13.652727127075195,4.4228145270608366e-05,2.40321514866082e-05,4.384570729598636e-06,-4.8842834985407535e-06,1.8935745629278244e-06,-7.008941793174017e-06,336.1673278808594,351.42413330078125,349.3695983886719,346.3734436035156,342.9066162109375,339.88104248046875,341.85906982421875,342.3492126464844,336.5909118652344,333.8424377441406,12.973458290100098,13.033166885375977,13.510738372802734,13.55362319946289,1.43794047832489,297.103271484375,299.4027862548828,0.0013699159026145,0.3700569868087768,0.250370979309082,0.3131561279296875,1.054226595442742e-05,-6.252666935324669e-07,0.0010334700345993,-0.0006488673388957,404.546875,2683507200.0,2849082880.0,2682679552.0,2849684096.0,-1.847881317138672,360.32470703125,-5.5545446230098605e-05,-16.84320068359375,-131.0750732421875,-16.70013427734375,-0.0005133114755153,-471869.25,-60118.25,0.0749989748001098,66.20930409431458,0.0002961722202599,0.0001522013917565,0.0003805314190685,0.0001388569362461,0.0005193930119276,300.697068547628,-2.8646609280258417e-05,-1.4589109923690556e-05,-9.336101356893778e-06,-9.405863238498569e-06,3.0075025279074907e-06,-1.3940618373453615e-05,-1.4209188520908356e-05,-7.119349902495742e-06,1.9109807908535004e-05,4.293373785912991e-05,7.593282498419285e-05,8.731556590646505e-05,8.328561671078205e-05,8.330296259373426e-05,9.503564797341824e-05,9.918911382555962e-05,9.638629853725432e-05,9.007169865071774e-05,8.345744572579861e-05,7.912400178611279e-05,6.705708801746368e-05,0.0500715225934982,0.2235181629657745,0.7160802483558655,4.971934795379639,18.230213344097137,100.88294982910156,99.6372299194336,99.39581298828124,99.17180633544922,88.9953842163086,73.1074081286788,86.28643736243248,92.34990692138672,89.37027740478516,95.97454833984376,96.05072784423828,96.01836395263672,96.88048553466795,95.65953826904295,92.2466812133789,86.34339141845703,304008.970703125,259073.9140625,233393.34375,202024.3125,182349.1328125,162435.73828125,139677.333984375,122101.216796875,107524.279296875,95004.923828125,74189.9619140625,57191.2529296875,42847.1103515625,30389.9033203125,19330.21337890625,14236.25390625,9391.94677734375,7055.5693359375,4772.2861328125,2538.62353515625,350.029296875,0.0016649067401885,-0.0011075437068939,0.0005894303321838,0.0058770477771759,-0.006226897239685,0.0028671622276306,-0.3030531406402588,-0.5442714691162109,-0.7109799385070801,-0.7602057456970215,-0.5864486694335938,-0.4447574615478515,-0.3694276809692383,-0.3445148468017578,-0.3022041320800781,-0.1933231353759765,-0.0695719718933105,-0.0117673873901367,1.022574488451327e-05,7.560534094247459e-06,-3.0387852861414314e-06,-8.108747541568398e-06,-2.615703611209288e-06,5.526631389578935e-07,333.3836275266757,349.65434985307417,346.90802341738095,344.1218579429522,339.33613899012187,333.7217719024603,331.6766150476273,330.5646861654571,324.0652724640279,321.1642086233042,19.59025053816598,16.89510643891788,20.151669040326155,17.281169628025303,0.9136572401834452,293.47417805989585,300.3272674560547,0.0001346141720811526,0.027565264701843263,0.04883955319722493,0.009040896097819011,-7.221349126969774e-07,1.839051644007365e-07,0.00051364004611969,-5.451999604701996e-05,112.46796875,2665296298.6666665,2764440593.0666666,2656333721.6,2765002905.6,-0.19510955810546876,314.87998046875,-3.807050331185262e-05,-40.532816569010414,-98.7597412109375,-32.0551025390625,-5.4197758436203004e-05,-355535.13333333336,-115398.28333333334,0.014773972829182943,39.644951179623604,3.886210421721141e-05,1.58929576476415e-05,3.739253928263982e-05,1.794177417953809e-05,5.5330898612737654e-05,300.8666463216146,-2.000522411738833e-05,-1.5100913393932085e-05,-7.3940318543463945e-06,-5.193151688824097e-07,-5.21670444868505e-06,-7.017042177418868e-06,-3.2835802994668486e-05,-2.884518471546471e-05,-2.5837926659733058e-05,-1.964003701383869e-05,-1.1685040468970935e-05,-6.214762106537819e-06,1.8392262669901054e-06,5.5942529191573465e-06,5.909870378673077e-06,4.629728694756826e-06,3.758600602547328e-06,3.4276085595289867e-06,3.2923339555660885e-06,2.850483482082685e-06,2.939952537417412e-06,0.04913228054841359,0.24690473675727845,0.7045917200235029,4.283732000986735,22.26723153317968,82.65908868412177,85.37599878758192,83.3858741303285,71.28762078334888,52.90700857291619,37.606852108240126,32.382992532849315,43.8559982791543,51.79623769124349,61.41148411333561,59.93974263817072,60.71509552945693,63.84932721008857,68.97929127737879,71.93883011564613,69.03619537254174,303976.46458333335,259020.45325520833,233376.22083333333,202060.08072916666,182266.84427083333,162350.89479166668,139483.14661458333,121938.70104166666,107429.70494791666,94990.6296875,74297.1439453125,57387.732682291666,43092.326822916664,30680.535123697915,19684.435904947917,14611.760546875,9775.013118489584,7438.517317708333,5154.863509114583,2922.2942708333335,739.34375,0.000284111499786377,-0.0016581108172734579,-0.0015956421693166098,-0.0008307615915934245,0.002144491672515869,-0.0014542818069458007,0.009882497787475585,-0.03048426310221354,-0.043649546305338544,-0.024941476186116536,0.010159937540690105,0.0018315633138020833,-0.023622703552246094,-0.03532625834147136,-0.04113140106201172,-0.03022003173828125,-0.017554410298665366,-0.01127297083536784
17,999.6975,13.646322250366213,5.644866905640811e-05,1.861957207438536e-05,-3.470981027930975e-06,-5.01408339914633e-06,1.3468768884195017e-05,-3.910988198185805e-06,335.95147705078125,351.64312744140625,349.2390441894531,345.9393615722656,343.2541809082031,340.3474426269531,341.0264892578125,342.37359619140625,336.5166931152344,333.8920288085937,13.947114944458008,12.274486541748049,14.344589233398438,12.866558074951172,1.5189021825790403,297.08795166015625,299.4207000732422,0.0010213730856776,0.3502770662307739,0.2411091327667236,0.2834978103637695,1.0752439266070724e-05,-5.660112947225571e-07,-0.0004309564828872,-0.0005694758147001,93.0546875,2675589248.0,2838341504.0,2673931008.0,2838988544.0,-1.95416259765625,407.73876953125,-5.529393092729151e-05,-17.47125244140625,-128.467041015625,-15.64117431640625,-0.0005428250879049,-462480.25,-56308.25,0.1306979656219482,65.08071257174015,0.0003084270283579,0.0003277976065874,0.0002837129868566,0.0003292034380137,0.0006129248067736,300.75362623565053,-2.7896850951947272e-05,-1.0923758964054286e-05,-9.642550139687955e-06,-6.340997060760856e-06,1.9377621356397867e-06,-1.8904785974882543e-05,-1.2851785868406296e-05,-1.643638825044036e-07,2.725399099290371e-05,4.500080831348896e-05,8.359889034181833e-05,8.924677968025208e-05,8.70767398737371e-05,8.239818271249533e-05,9.051838424056768e-05,9.301200043410064e-05,8.884421549737453e-05,8.401996456086636e-05,7.847556844353676e-05,7.432536222040653e-05,6.202713120728731e-05,0.0396841466426849,0.2538267374038696,0.7065111398696899,4.24103593826294,22.958555221557617,101.064208984375,100.00226593017578,99.6337890625,98.4140853881836,88.04177856445312,67.15848744288087,80.72382270172238,91.12794494628906,85.35440063476562,95.00572204589844,95.94530487060548,96.4177017211914,95.85710144042967,94.6065444946289,91.63800048828124,85.86531066894531,303724.74609375,258852.49609375,233206.576171875,201833.255859375,182206.552734375,162364.091796875,139589.939453125,121971.701171875,107362.353515625,94835.908203125,74030.6025390625,57034.7822265625,42686.3603515625,30225.31640625,19159.7763671875,14063.04541015625,9216.5703125,6879.0908203125,4594.662109375,2360.137939453125,170.879638671875,0.0023409277200698,-0.0056319534778594,-0.0020287036895751,0.0081188976764678,-0.0078572630882263,-0.0142045617103576,-0.3133827447891235,-0.5734541416168213,-0.7305026054382324,-0.7446708679199219,-0.5804414749145508,-0.3758678436279297,-0.2718038558959961,-0.2803287506103515,-0.2732400894165039,-0.1696233749389648,-0.0475506782531738,0.003310203552246,8.332820795233124e-06,6.489760827507017e-06,-1.8353582604067016e-06,-6.039423344619937e-06,-1.7458161197120754e-06,1.122605720927742e-06,332.1679499467214,349.28646465937294,346.52777723471326,343.84720120429995,339.1375250975291,333.5786399126053,331.5976312478384,330.72246777216594,323.95462284088137,320.87145399252574,19.446579071010152,15.958693043002858,19.92890220955014,16.331242791237308,0.9173017045866192,292.79540761311847,301.62665100097655,0.00012910484025875727,0.03320264021555583,0.05494524637858073,0.009333356221516927,-8.803966920822859e-07,7.136259227991104e-08,0.0017679989337921142,-4.497518142064412e-05,607.9098958333333,2658917051.733333,2757610820.266667,2649349469.866667,2758164164.266667,-0.2186907450358073,347.2452799479167,-3.677417407743633e-05,-65.26188151041667,-88.39656168619791,-67.52097574869792,-6.0745701193809507e-05,-318228.11666666664,-243075.23333333334,0.018387627601623536,39.465094777444996,3.666762883464495e-05,1.1919190486272176e-05,3.5862702255447705e-05,1.1254070947567622e-05,4.711483294765154e-05,300.8534545192285,-1.845648803282529e-05,-1.6189536351400115e-05,-8.011373574845493e-06,-9.546939205999176e-07,-4.8780192931493126e-06,-5.701844929717481e-06,-3.4105156858762103e-05,-3.033772906443725e-05,-2.6846440353741247e-05,-1.8825467365483442e-05,-1.3051345013082027e-05,-6.8963893378774324e-06,6.183477429052194e-07,5.239318124949932e-06,6.272806786000729e-06,5.2264813954631485e-06,4.603620618581772e-06,4.3051162113746004e-06,4.121894016861916e-06,3.863172605633736e-06,4.06831968575716e-06,0.04850633343060811,0.24793868859608967,0.7552066381865491,4.635349051157633,22.201658711830774,86.81137593587239,84.73980763753255,82.649332934618,69.55094248453776,50.935200216372806,35.58404142707586,31.538658528526625,45.4703463986516,52.346826923141876,61.281593909362954,60.62186434393128,60.240465799967446,62.09108857909838,66.23574819465479,67.24772102534772,64.25890502929687,303772.85390625,258763.11822916666,233155.73059895833,201920.99661458333,182161.08059895833,162277.851953125,139395.86901041667,121835.61510416666,107313.91236979167,94868.34420572917,74166.931640625,57250.1669921875,42951.34381510417,30539.2361328125,19543.685611979166,14468.34462890625,9626.56474609375,7285.95419921875,4997.28515625,2758.0419759114584,569.529150390625,-0.001513153314590454,0.00026204089323679606,-0.0017213662465413412,-0.0042683005332946776,-0.002422964572906494,-0.007561779022216797,8.83022944132487e-05,-0.043578751881917316,-0.05197426478068034,-0.029975509643554686,-0.0018583933512369792,-0.010396003723144531,-0.04074083964029948,-0.051115926106770834,-0.04784329732259115,-0.03992468516031901,-0.038400522867838544,-0.03930536905924479
18,999.4075,14.536643028259276,3.529304012772627e-05,-6.994347586442018e-06,-1.1273005839029793e-05,5.31893283550744e-06,1.7133026631199755e-05,1.6468236481159693e-06,334.3137512207031,351.22296142578125,348.5173645019531,345.4552307128906,342.1251220703125,338.7919006347656,340.1816101074219,342.2507019042969,335.8855285644531,332.93426513671875,15.457353591918944,13.58475399017334,15.542211532592772,14.025649070739746,1.581637263298035,297.3300552368164,299.57208251953125,0.000867654569447,0.2573555707931518,0.2340165376663208,0.3429737091064453,9.296287316828966e-06,1.0656658560037613e-06,-0.0034815371036529,-0.0005005225539207,-1198.80078125,2677734528.0,2838340736.0,2677401984.0,2838915840.0,-1.7806625366210938,374.34375,-4.680524580180645e-05,-10.1934814453125,-125.98919677734376,-11.93902587890625,-0.0004946198314428,-453557.75,-42982.0,0.0911061763763427,64.22225952148438,0.0001902095973491,0.0002956818789243,0.0002410148736089,0.0003137309104204,0.000554752536118,300.64562019469247,-2.381960803177208e-05,-1.43503857543692e-05,-6.920337909832597e-06,-1.8638093024492266e-07,9.922950994223356e-07,-1.1448122677393258e-05,-1.7032871255651116e-05,-5.746842361986637e-06,1.7040292732417583e-05,3.504962660372257e-05,7.120287045836449e-05,7.779314182698727e-05,8.262915071099997e-05,8.076999802142382e-05,8.702080231159925e-05,9.347964078187944e-05,0.0001005691010504,9.85658261924982e-05,9.267101995646954e-05,8.578505367040634e-05,6.965140346437693e-05,0.0411486402153968,0.280167669057846,0.8349380493164062,4.280198997817934,23.214773155748844,100.20416259765624,99.11321258544922,98.9737319946289,93.38608573377132,81.36539556086063,60.50722239911556,66.95465850830078,88.78148651123047,85.39557647705078,92.47377014160156,94.37635040283205,95.53231048583984,95.69364166259766,94.57930755615234,91.73548889160156,85.67117309570312,303817.79296875,258629.27734375,233106.16796875,201877.4140625,182120.4765625,162311.529296875,139529.91796875,121911.853515625,107318.115234375,94817.638671875,74040.8662109375,57040.3076171875,42662.65234375,30180.6240234375,19110.8203125,14011.75634765625,9163.59375,6825.5361328125,4540.45849609375,2304.499755859375,112.669921875,-0.0016188621520996,0.0064824968576431,-0.0017133057117462,-0.003280758857727,0.0069455504417419,0.0082477331161499,-0.1615383625030517,-0.3225674629211426,-0.4133419990539551,-0.4375295639038086,-0.4280862808227539,-0.2556238174438476,-0.2475090026855468,-0.290201187133789,-0.2375631332397461,-0.1464996337890625,-0.027531623840332,0.035597801208496,6.426653824980038e-06,8.726708841571009e-06,2.958874048645716e-06,-4.57319143278176e-06,-3.191860238432922e-06,9.024499150969306e-07,330.1799060345558,349.1319925618153,346.3184643614603,343.86264824085043,339.4267039593416,334.2273810112455,332.23126208877665,331.8855901120461,324.82674030923806,321.43922621013274,20.149071535624387,15.75844222465802,20.339221862020864,15.810793585476718,0.906426710469032,293.2387279969528,301.4869227745721,0.00013670795191373072,0.04089298485720306,0.06526513317313927,0.017634759800068074,-6.935155382418534e-07,8.611642287974536e-08,-0.0011258352841579072,-2.2684266458408467e-05,-404.69435619813277,2661154749.0788383,2763765118.406639,2652831117.2780085,2764329981.875519,-0.16757069188034882,291.087817686722,-3.3331095894095314e-05,-24.415429079681015,-84.84424739853475,-35.7399304655083,-4.6546930346746166e-05,-305437.5933609959,-128663.97510373444,0.024969995269142245,41.03118659648658,3.927726592265719e-05,1.9846770031323572e-05,3.797506828525749e-05,2.0396752723519734e-05,5.837415511182729e-05,300.8820583927993,-1.712951897807744e-05,-1.5900809116394904e-05,-9.001022194129612e-06,-2.0150212122753446e-06,-3.9865986175479605e-06,-6.7796761385470445e-06,-3.477757317458446e-05,-3.06756411489733e-05,-2.6600574494892135e-05,-2.0743439484124858e-05,-1.1414994729134057e-05,-5.481150233152002e-06,1.1343528280861645e-06,4.811201793338748e-06,6.841573887408027e-06,6.128395269953364e-06,4.478950532640164e-06,3.481193936402867e-06,3.0820874334989246e-06,2.5650758790895653e-06,3.0437090213862692e-06,0.05153258253058952,0.2309675754600541,0.7349095314091914,4.834508562236406,23.903438542888374,90.66151096514152,79.3123014497559,80.8698596845524,70.36239098068094,53.02253805861434,39.134441666088655,34.69931107413225,48.723294288785624,56.30677064189772,63.277134829537005,61.98232258528595,60.21688060839641,62.111307262879684,66.8680264385904,67.47129763903955,65.14540654890764,303735.835969917,258735.84050829874,233099.96239626556,201881.14808091286,182160.26789419088,162308.50842842323,139417.59491701244,121823.5007780083,107285.07274377593,94833.77321058091,74129.5632780083,57213.39495267116,42914.15913511411,30500.105695669088,19497.863945798756,14417.517845565353,9570.103560198391,7226.8923187889,4935.965658227437,2694.6847212542143,504.4783616441909,-0.00038063526153564453,0.00046514351832916133,0.0011860832139169526,0.00180922430085938,-0.0010567473178087923,-0.0019239110570725565,0.002722059542707388,-0.0449167623559469,-0.06625564860110461,-0.0423176951428172,0.01976148914004757,0.02983069123074227,0.01626764194599326,0.007948091910587802,-0.005066341384317865,-0.00505094409483597,-0.008754247451718912,-0.013278391351343686
19,1000.673125,16.357458114624023,4.446614184416831e-05,9.985469660023227e-06,-8.682682164362632e-06,1.5450859791599214e-06,8.378745405934751e-06,-4.81101142213447e-06,332.1019592285156,351.3617248535156,348.648193359375,345.8662109375,341.7912292480469,338.6791687011719,339.1411437988281,341.5784606933594,335.4511108398437,333.0299377441406,15.0376558303833,11.866377830505373,15.117826461791992,12.293584823608398,1.6378545761108398,297.41024017333984,299.74271392822266,0.0007443781942129,0.189361572265625,0.1757090091705322,0.2735195159912109,1.4556513633579016e-05,4.861271008849144e-06,-0.0024441927671432,-0.0004340391606092,-734.7265625,2682095616.0,2841660928.0,2681761792.0,2842258560.0,-1.2939338684082031,396.73779296875,-4.699098644778133e-05,-10.43060302734375,-126.78509521484376,-9.70855712890625,-0.0003594271838665,-456425.75,-34951.75,0.0768685340881347,63.80557461082935,0.0002154251560568,0.000252594705671,0.0002067720051854,0.0002879798412322,0.0004947539418935,300.64562019469247,-2.3208485799841583e-05,-1.7191559891216457e-05,-7.038062904030085e-06,4.440516931936145e-06,-1.9289436750113964e-06,5.439127562567592e-06,-1.605128636583686e-05,-1.019664341583848e-05,-1.7312122508883476e-06,1.4817691408097744e-05,6.72343885526061e-05,8.127384353429079e-05,7.597776129841805e-05,8.314242586493492e-05,9.667058475315572e-05,9.964336641132832e-05,0.0001063882373273,0.0001070688012987,0.0001023537479341,9.37220174819231e-05,7.745192851871252e-05,0.0618117173289647,0.2072102576494217,0.767361044883728,5.05405330657959,22.56555938720703,94.68911743164062,98.42514038085938,99.63253784179688,91.81455974280834,69.44286346435547,57.16537198424339,61.69367945194245,85.70464324951172,85.00627136230469,91.66024780273438,94.08091735839844,95.27012634277344,95.4273452758789,94.6142120361328,92.98941802978516,86.33018493652344,303965.69921875,258868.75390625,233211.623046875,202062.6875,182257.751953125,162414.13671875,139649.962890625,122045.46484375,107451.18359375,94945.4609375,74172.3955078125,57170.775390625,42792.7041015625,30303.123046875,19230.4658203125,14130.7568359375,9282.224609375,6943.73876953125,4658.580078125,2422.947021484375,231.3720703125,-0.0009971931576728,0.0061773806810379,0.0046471655368804,-0.0055802762508392,-0.0006685853004455,0.0316318273544311,-0.1165761947631836,-0.2571697235107422,-0.2955474853515625,-0.2942447662353515,-0.4036483764648437,-0.272740364074707,-0.2774181365966797,-0.3130083084106445,-0.2395048141479492,-0.1625642776489257,-0.0483627319335937,0.0209536552429199,4.891121016899082e-06,7.454413934286151e-06,2.365852570063211e-06,-2.6395332138721377e-06,-1.59968411297795e-06,-4.255121172841045e-07,329.5875378050745,349.17799358447064,346.0146001443823,343.59078046395075,339.34913127155227,334.3987314216329,332.08911666236975,331.71633070633123,324.8581341707855,321.16544824813906,20.183445544441952,15.469308738446026,20.51529623057956,15.620800243404643,0.8980828730376916,293.43266042073566,300.7367258707682,0.00013389469434817633,0.03240181605021159,0.05544772942860921,0.010708014170328775,-1.0061232994000116e-06,-2.65884834031264e-07,-0.0017464697360992433,-2.6053190231323244e-05,-701.6653645833334,2664963140.266667,2767908309.3333335,2656607539.2,2768455662.9333334,-0.1369598388671875,338.3783854166667,-3.0196167062968016e-05,-0.5028076171875,-75.56700846354167,-0.98843994140625,-3.804614146550496e-05,-272041.55,-3558.3166666666666,0.01681374708811442,41.165113050738974,3.8306508213281634e-05,1.705493777990341e-05,3.719339147210121e-05,1.608297849694888e-05,5.3277021894852324e-05,300.88060142880397,-1.5890488672691087e-05,-1.5673426484378677e-05,-9.414049175878366e-06,-1.9844718432674806e-06,-3.2951841906954846e-06,-6.649103791763385e-06,-3.436776848199467e-05,-3.1508128934850295e-05,-2.4591180651138226e-05,-1.9250988649825256e-05,-1.1559311921397845e-05,-6.173442428310712e-06,1.1362911512454351e-07,4.058176030715307e-06,5.422361815969149e-06,5.494492749373118e-06,3.936110685269038e-06,2.7848252405722937e-06,2.174094940225283e-06,1.5145322928826014e-06,1.6371797149380048e-06,0.05170989162482632,0.22219584846946722,0.7281632492706801,4.561790468016018,23.951327514648437,89.55213608443736,79.08382769326369,81.84434916178385,68.41573623716832,53.515501183768116,38.98414368232091,34.1955220212539,49.948130059242246,56.88253601143757,63.051036247611044,60.88566469972332,60.02249876583616,61.58140789965788,67.24177798380454,68.92514106581608,68.20092904816072,303897.36796875,258903.438671875,233240.26002604168,202000.44205729166,182268.316015625,162406.79518229168,139500.60546875,121919.05859375,107392.66197916666,94945.624609375,74246.67877604166,57329.918229166666,43026.82506510417,30608.522721354166,19602.41044921875,14520.734309895834,9673.67919921875,7331.367513020833,5041.564290364583,2801.860888671875,613.44599609375,0.0007729306817054749,0.0016616543134053549,0.0019510746002197265,0.0035261750221252442,0.0018938501675923665,0.0012911001841227213,0.0029359976450602215,-0.04936526616414388,-0.06908572514851888,-0.039460372924804685,0.03379071553548177,0.04833901723225911,0.03625399271647135,0.025252469380696616,0.006655184427897135,0.0011465708414713542,0.0023770650227864583,0.0027141571044921875
20,1001.375625,16.06983184814453,5.945712837274186e-05,2.021193358814344e-05,-1.0642399956850568e-06,-3.534331199261942e-06,-2.989543872899958e-06,-1.2841735951951703e-05,331.5421142578125,352.12115478515625,348.6422424316406,345.7705078125,342.0455017089844,339.3895874023437,338.5159912109375,341.0500183105469,335.8775939941406,333.0321960449219,14.547124862670898,12.68613624572754,15.113061904907228,13.361770629882812,1.7014765739440918,297.4451446533203,299.62259674072266,0.0012586908414959,0.1611433029174804,0.1868057250976562,0.2454876899719238,1.4904479030519724e-05,2.634013071656227e-06,0.0014308020472526,-0.0004361439496278,586.49609375,2683584256.0,2840868992.0,2682759424.0,2841521536.0,-1.6903839111328125,397.7509765625,-4.829987301491201e-05,-10.69769287109375,-131.22503662109375,-10.98480224609375,-0.0004695709794759,-472412.25,-39547.0,0.0853582620620727,62.89404296875,0.000362214166671,0.000215308740735,0.0003496326971799,0.0002044271677732,0.0005540614947676,300.697068547628,-2.3903674446046352e-05,-1.4863544492982328e-05,-8.493909263052046e-06,5.130728823132813e-06,-3.643028321675956e-06,9.593422873876987e-06,-2.1208892576396465e-05,-1.3499869965016842e-05,-6.134854629635811e-06,1.8050370272248983e-05,5.875527858734131e-05,8.803303353488445e-05,7.784750778228045e-05,8.573522791266441e-05,9.853870142251252e-05,0.0001032766886055,0.0001057623885571,0.0001052448060363,0.0001015956513583,8.974550291895866e-05,7.501861546188593e-05,0.0548119395971298,0.1817598193883896,0.6450145244598389,5.487849235534668,27.376609802246094,90.82665266096592,98.34693145751952,101.22867584228516,86.27717660367489,62.676345862448215,53.82522574812174,55.2491430491209,82.05418433248997,83.12837214767933,91.82793426513672,94.3636703491211,95.56111145019533,95.8779296875,95.099365234375,92.95179748535156,86.51008605957031,304197.279296875,259124.677734375,233311.544921875,202107.001953125,182381.2109375,162527.953125,139709.39453125,122115.921875,107526.83203125,95026.974609375,74255.6142578125,57249.2900390625,42866.25,30370.6416015625,19296.2587890625,14197.16455078125,9348.685546875,7010.21826171875,4725.1552734375,2489.931396484375,299.0146484375,0.0002191178500652,0.000916451215744,0.0048421621322631,0.0002288818359375,-0.0133168101310729,0.0144596099853515,-0.1173892021179199,-0.2854931354522705,-0.3407416343688965,-0.3433218002319336,-0.3894462585449219,-0.3024492263793945,-0.2769765853881836,-0.290802001953125,-0.2639074325561523,-0.2072372436523437,-0.09417724609375,-0.0190610885620117,3.541625076341744e-06,6.988253047597589e-06,3.754269198109243e-07,-2.10903772578613e-06,3.1087152482625173e-07,-4.698161769700624e-07,328.58029478324903,349.4944259103525,345.959966266842,343.4639181315945,339.2850548111785,334.3997956701903,331.7119144014966,331.3031939676768,324.60574801225005,320.9412944599566,19.617639423248164,14.990245038565048,20.124362163628696,15.303423923504996,0.9282083216514724,293.5828572591146,299.8479532877604,0.0001021739716331164,0.026305961608886718,0.05671218236287435,0.010938072204589843,-1.0798491227130096e-06,-1.3766499857107798e-07,0.00035942544539769493,-5.452583233515421e-05,-26.310416666666665,2666186743.4666667,2768652091.733333,2657234167.4666667,2769183863.4666667,-0.15617446899414061,383.90667317708335,-2.904069648745159e-05,0.43760986328125,-70.59536539713541,0.4951171875,-4.33813159664472e-05,-254143.43333333332,1782.4333333333334,0.02032930056254069,40.97304890950521,2.7863122522830962e-05,1.585570474465688e-05,2.8381403535604476e-05,1.3779414196809132e-05,4.216106608510017e-05,300.8666463216146,-1.4956322653839985e-05,-1.509281088753293e-05,-9.613215418842931e-06,-2.5799527065828443e-06,-3.1013905148332316e-06,-6.579379745138188e-06,-3.206630935892463e-05,-3.0274984116355578e-05,-2.3192272055894137e-05,-1.7152528744190932e-05,-1.0574865154922008e-05,-6.6799422105153406e-06,-1.103982018927733e-06,3.6973350991805393e-06,4.133605398237705e-06,4.130927845835686e-06,3.354111686348915e-06,2.758561943968137e-06,2.412886048356692e-06,1.7071298013130824e-06,1.749171254535516e-06,0.051095534364382425,0.21336407971878846,0.6809662659962972,4.180373434411982,23.230984984586637,88.71040536562602,78.8748560120662,83.02500661214192,66.74230600545803,56.82179519087076,37.997252461314204,33.43772688011328,50.36875514090061,57.00975916783015,62.276320495953165,59.68741093799472,59.79244280681014,61.06747820576032,67.20433247884115,70.70789016485215,71.23060691952705,304106.68997395836,259108.85026041666,233384.637890625,202084.937109375,182325.81549479166,162443.80481770833,139525.64153645834,121962.29466145833,107453.65403645833,95018.41458333333,74329.60377604167,57414.529557291666,43111.34192708333,30691.365234375,19683.60625,14601.653092447918,9756.092513020832,7415.302213541667,5127.487825520833,2890.577913411458,705.4384114583333,0.00029850775996843973,0.0002990494171778361,0.0022750576337178547,0.0026609738667805988,-3.304481506347656e-05,0.0015039245287577312,0.0009444077809651692,-0.056874561309814456,-0.06808061599731445,-0.035992431640625,0.01841894785563151,0.018770599365234376,0.0011313756306966145,-0.01130816141764323,-0.02108008066813151,-0.023195266723632812,-0.01582756042480469,-0.011013412475585937
21,999.45125,15.783942222595217,3.6809477023780346e-05,1.0351036507927349e-05,-6.856630079710158e-06,-6.841613867436536e-06,-9.665347533882596e-06,-1.0690821000025608e-05,331.6720275878906,352.677490234375,347.4648742675781,344.9096069335937,341.8872375488281,339.7586975097656,338.9496459960937,340.59576416015625,336.3373718261719,332.5788879394531,15.03458023071289,13.479578018188477,16.080453872680664,14.336885452270508,1.699330449104309,297.30101013183594,299.50927734375,0.0012144269421696,0.1742628812789917,0.1896369457244873,0.2736001014709472,1.1924566933885217e-05,9.741634130477903e-07,0.0010121017694473,-0.0006202030926942,390.5078125,2677948672.0,2834225664.0,2676780160.0,2834882048.0,-2.27054214477539,429.2255859375,-5.43922942597419e-05,-14.15325927734375,-136.00762939453125,-13.17828369140625,-0.0006307009607553,-489628.0,-47440.25,0.0911903381347656,62.49066162109375,0.0003209854476153,0.0003264406695961,0.0003373376093804,0.0003031538799405,0.0006404845044016,300.757181640625,-2.5622721295803785e-05,-1.038714253809303e-05,-6.9007946876809e-06,2.4476321414113045e-07,-3.530847607180476e-06,1.282991433981806e-05,-2.3092725314199924e-05,-1.2069882359355688e-05,-1.4970428310334682e-06,2.39937799051404e-05,5.927553866058588e-05,9.062851313501596e-05,8.750602137297392e-05,9.267800487577917e-05,0.0001037821639329,0.000108094420284,0.0001075430773198,0.0001036734320223,9.68659296631813e-05,8.493568748235703e-05,7.113709580153227e-05,0.0555114299058914,0.2060983479022979,0.6662086248397827,4.884665455669165,28.10771942138672,98.46448516845705,98.40270233154295,100.68659973144533,77.8958511352539,59.478395983576775,54.870361328125,55.973876953125,82.6930923461914,84.09962463378906,92.4474639892578,94.49092864990234,95.7905502319336,95.33341217041016,94.74381256103516,93.41719818115234,87.13072967529297,303843.216796875,259011.96875,233259.794921875,201872.376953125,182161.548828125,162380.61328125,139574.609375,121969.21484375,107380.677734375,94890.6669921875,74128.2900390625,57117.5703125,42745.4482421875,30256.0966796875,19185.4619140625,14087.4638671875,9239.96630859375,6902.6220703125,4619.0126953125,2385.210205078125,195.35205078125,0.0009258687496185,-0.0064101517200469,-0.0012672245502471,0.010528415441513,0.0033202767372131,-0.0138668417930603,-0.2449550628662109,-0.4100236892700195,-0.4131169319152832,-0.3985414505004883,-0.4691543579101562,-0.4625654220581054,-0.4245147705078125,-0.3956432342529297,-0.3349018096923828,-0.2464485168457031,-0.1005477905273437,-0.016143798828125,4.473489868160394e-06,8.589543142551788e-06,-8.277600961383488e-07,-1.9245075330777408e-06,1.4039095331243025e-06,-7.30725601806014e-07,329.5879965384801,349.76016846497856,346.04552640120187,343.5171272277832,339.39949520428974,334.7561981598536,331.9782768646876,331.8582314491272,325.0510114431381,321.629029750824,19.06386599864345,14.47408997124682,19.45147761042851,14.705080525410208,0.8898631033206281,293.80127970377606,299.2000066121419,0.0001064196228981018,0.03169119358062744,0.06145733197530111,0.010294278462727865,-8.671913140763839e-07,-7.312434415022532e-08,0.0009661535422007243,-5.61106950044632e-05,223.19557291666666,2660306124.8,2763019511.4666667,2650796228.266667,2763528012.8,-0.2152064005533854,445.75830078125,-2.965407717662553e-05,-0.34300130208333335,-74.78193766276041,-0.19744466145833334,-5.977948506673177e-05,-269214.38333333336,-711.7833333333333,0.018378273646036784,41.072322082519534,3.1838472932577136e-05,1.0725297033786774e-05,2.9561839376886685e-05,9.310711175203323e-06,3.887688120206197e-05,300.8565127453735,-1.4918344095349313e-05,-1.4111222117207945e-05,-8.108888869173824e-06,-2.9946638581653437e-06,-3.235629992559552e-06,-5.772955288800101e-06,-2.8994077971825997e-05,-2.859692710141341e-05,-2.1148158702999352e-05,-1.5736324712634087e-05,-1.006102344642083e-05,-6.295166288812955e-06,-2.2144677738348645e-06,3.1715258955955506e-06,3.2918527722358703e-06,2.6273929203550023e-06,1.997888709108035e-06,2.1641763548056287e-06,2.3934834947188693e-06,1.921892787019412e-06,1.8546280140678088e-06,0.05326113998889923,0.23578158815701802,0.6735414266586304,3.995609408430755,24.592941728482643,87.70291628936927,77.47462916523219,81.20895581444104,67.88305314034224,60.6526381512483,38.96898056889574,34.037989952166875,51.416852069149414,57.7101415057977,62.336277874807514,59.76175994873047,60.50343678792318,62.48699458713333,69.62762704069415,74.14874191631874,74.02342752317587,303799.323046875,258907.509765625,233229.761328125,201907.591015625,182158.34283854166,162286.69713541667,139352.87734375,121804.4953125,107312.25442708333,94889.55709635417,74213.90735677084,57302.999609375,43004.85944010417,30588.598567708334,19584.526432291666,14504.2572265625,9661.190852864584,7322.29873046875,5036.96171875,2803.3812662760415,621.89013671875,0.0006835728883743287,-0.0020344843467076617,0.00042737722396850585,0.001651245355606079,-0.002521951993306478,-0.000404353936513265,0.005594078699747721,-0.049113019307454424,-0.061292839050292966,-0.03651885986328125,-0.0001885096232096354,-0.0003437678019205729,-0.019618988037109375,-0.023208999633789064,-0.022178141276041667,-0.024484825134277344,-0.014429283142089844,-0.008738962809244792
22,997.816875,15.19727611541748,2.0181356376269832e-05,2.724823389144149e-07,-1.7552618373883888e-05,-6.816011591581628e-06,6.974456482566893e-06,2.6298514512745896e-06,330.6649169921875,351.3436584472656,347.2479858398437,344.6461486816406,341.694580078125,341.3208312988281,341.32110595703125,341.6268310546875,336.1372375488281,331.0408630371094,15.30972671508789,13.202798843383787,16.164840698242188,13.73754596710205,1.57031512260437,297.04247283935547,299.49300384521484,0.0012450469657778,0.228134274482727,0.2562010288238525,0.4451727867126465,1.4309363905340431e-05,-6.282934918999672e-07,-0.0009595304727554,-0.0006758198142051,-344.7890625,2672469888.0,2828659968.0,2670494208.0,2829368960.0,-2.0081329345703125,273.3955078125,-6.727818981744349e-05,-14.5404052734375,-163.34564208984375,-15.19366455078125,-0.0005578026175498,-588042.0,-54696.75,0.1114060878753662,62.4562274813652,0.0004421137273311,0.0002778703346848,0.0003458473365753,0.0002764672972261,0.0006223144009709,300.643004874873,-2.5320157874375585e-05,-1.1851530871354043e-05,-5.0624803407117724e-06,-4.885936505161226e-06,1.334483386017382e-06,4.4051557779312134e-07,-2.611818490549922e-05,-1.1085125152021646e-05,6.079673767089844e-06,2.9338989406824112e-05,5.868182051926851e-05,8.820486254990101e-05,9.10868402570486e-05,0.0001018187031149,0.0001077076885849,0.0001061065122485,0.0001041943905875,0.0001016266178339,9.49560198932886e-05,8.35079699754715e-05,6.982148624956608e-05,0.0482440367341041,0.2545401224633679,0.728905975818634,3.4326372146606445,29.291402243077755,98.53453063964844,98.65186309814452,98.89492797851562,81.12942588329315,59.30921936035156,54.79170718789101,61.46914120018482,85.92215728759766,87.23117065429688,93.3536376953125,94.96855926513672,95.52193450927734,94.09695434570312,93.64073944091795,89.83455657958984,84.15218353271484,303577.98046875,258788.359375,233203.591796875,201779.994140625,182077.009765625,162177.146484375,139445.365234375,121842.38671875,107268.44921875,94775.5390625,74008.107421875,57008.619140625,42659.8359375,30183.5703125,19118.6650390625,14022.1923828125,9177.9521484375,6842.45458984375,4560.70947265625,2327.861572265625,139.009765625,0.004157368093729,0.0009929835796356,-0.0024866163730621,0.0132677555084228,0.0013838410377502,0.0034712553024291,-0.2065629959106445,-0.3475074768066406,-0.367924690246582,-0.3969364166259765,-0.5013952255249023,-0.5092830657958984,-0.465850830078125,-0.4018239974975586,-0.3570518493652344,-0.2554883956909179,-0.0885334014892578,0.0040779113769531,7.583507580127824e-06,6.918201523419103e-06,-4.79192177902978e-07,-6.920516933596003e-07,-1.006723665959719e-06,-8.855620473881507e-07,330.8838802496592,349.7619432369868,346.4054463704427,343.7620204289754,339.4571573972702,334.7306580464045,332.1633573770523,332.4385780413946,325.1800564686457,321.96332527796426,17.9678610089235,13.68394796291832,18.311947220920896,13.994359155697747,0.8302712619076676,293.89273325602215,298.60930989583335,0.00015142889072497685,0.037788677215576175,0.057314586639404294,0.012128003438313802,-9.881875788172087e-07,1.57160684466362e-08,-0.00025311311086018883,-5.131935079892476e-05,-140.19401041666666,2656328413.866667,2759083144.5333333,2646112017.0666666,2759608763.733333,-0.20608189900716145,427.69322916666664,-2.9170920606702565e-05,-0.22462565104166668,-72.51492919921876,-0.3978963216145833,-5.7244673371315e-05,-261053.63333333333,-1432.3,0.017866063117980956,41.0886690835158,4.0364482750495274e-05,1.0053937633832296e-05,4.2063106472293534e-05,9.41998635729154e-06,5.148183554410934e-05,300.9830564502619,-1.5145163827886183e-05,-1.3563150423578918e-05,-5.504724686034024e-06,-2.308739931322634e-06,-3.278062407237788e-06,-7.838387197504441e-06,-2.8446988047411044e-05,-2.7158840869863827e-05,-1.982693017149965e-05,-1.5064002946019173e-05,-9.891359756390253e-06,-6.631365977227688e-06,-1.8009527896841368e-06,4.940363578498364e-06,3.88085221250852e-06,2.5839855273564656e-06,1.3799639418721198e-06,1.3429826746384303e-06,1.5999190509319306e-06,1.4103250578045845e-06,1.373235136270523e-06,0.05402826219797134,0.2716185866156593,0.6939363904297352,3.6698629379272463,24.747278736035028,83.54223105311394,76.79924981892108,79.19603373954693,72.06781544486681,63.2051149216791,38.73449508671959,34.441837718089424,52.27123490571976,59.57364551573992,64.15618011802435,60.226558142900465,60.65523935953776,63.377230210602285,70.79816773359974,76.4891190846761,75.4837651570638,303617.89153645834,258787.80013020834,233209.33880208334,201852.04453125,182074.14934895834,162165.94401041666,139249.80833333332,121705.991796875,107225.09934895833,94814.18736979166,74147.23268229167,57245.6884765625,42958.3337890625,30554.173307291665,19558.259700520834,14481.706770833332,9642.01357421875,7305.06923828125,5021.86201171875,2791.0790852864584,612.3517903645833,0.0005255180100599924,-0.0022605141003926594,-0.0010310192902882895,0.00024764140446980796,0.00138547420501709,0.000678849220275879,0.0038040796915690105,-0.03578176498413086,-0.059231503804524736,-0.044521204630533856,-0.0042171478271484375,-0.0033469518025716146,-0.020619710286458332,-0.02145837148030599,-0.009783299763997395,-0.006122271219889323,0.0027471542358398437,0.0075806299845377605
23,997.78125,14.846284866333008,2.439741547277663e-05,-1.1008225555997342e-05,-1.8892043954110704e-05,8.36731578601757e-06,9.676684385340197e-06,1.40316660690587e-06,333.8056030273437,350.8719787597656,347.0588684082031,344.4648742675781,342.0385131835937,341.81854248046875,341.7933654785156,342.4727478027344,336.1496887207031,330.99920654296875,15.039300918579102,14.578357696533203,15.51287078857422,14.752674102783203,1.5518364906311035,296.5857467651367,299.72449493408203,0.0012331418693065,0.323825478553772,0.2359901666641235,0.4334759712219238,1.2468808563426135e-05,-4.193861968815327e-06,-0.0012349635362625,-0.000625560991466,-70.5390625,2673301248.0,2828354304.0,2669975552.0,2829172608.0,-1.58154296875,268.33984375,-8.011559839360416e-05,-14.97076416015625,-185.89453125,-12.32452392578125,-0.0004393169656395,-669223.0,-44368.75,0.0795215368270874,62.002235412597656,0.0003168005496263,0.0002150256186723,0.0003425411414355,0.000187499448657,0.0005300333723425,300.71741536458336,-2.27998971240595e-05,-1.3595010386779904e-05,-3.255991032347083e-06,1.5957775758579371e-06,1.6442645573988557e-06,5.306210368871689e-07,-3.28576861647889e-05,-1.1485593859106302e-05,1.3062788639217617e-05,4.267296753823757e-05,7.24161509424448e-05,9.659992065280676e-05,9.745219722390176e-05,9.950168896466494e-05,0.000104142120108,0.0001105236588045,0.000114053604193,0.000110364286229,9.718071669340134e-05,8.19074921309948e-05,6.777571979910135e-05,0.0460731573402881,0.2548331682337448,0.7158280611038208,2.9968206845223904,28.48808792233467,98.6504440009594,99.28614807128906,99.6419448852539,85.21458435058594,64.49811553955078,57.649200439453125,67.37957000732422,87.08290100097656,85.64244079589844,94.34822082519533,96.08609771728516,94.58243560791016,92.32298269867896,89.8502351641655,86.9695894420147,82.06344604492188,303782.333984375,258887.21875,233310.478515625,202023.50390625,182257.134765625,162336.044921875,139563.583984375,121960.091796875,107376.794921875,94873.388671875,74095.1826171875,57111.927734375,42782.59765625,30313.1162109375,19248.625,14153.11328125,9310.2822265625,6975.818359375,4694.99658203125,2463.518310546875,276.8193359375,0.001112375408411,-0.0016796290874481,0.0080187916755676,0.0010187625885009,0.001287043094635,0.0041703581809997,-0.2714791297912597,-0.5160856246948242,-0.55169677734375,-0.5519189834594727,-0.5703001022338867,-0.4617576599121094,-0.4163103103637695,-0.38543701171875,-0.4033193588256836,-0.2886037826538086,-0.0902318954467773,0.0010538101196289,5.701057342389256e-06,6.3111039381683056e-06,-4.828579908466857e-07,-6.49963517660064e-07,-2.0524247227540297e-06,-9.146676948727785e-08,329.95199704964955,349.29772384961444,346.1244198560715,343.47576813697816,339.1306868314743,334.3186925729116,331.75378675460814,331.8339501539866,324.8036506970723,321.5028538783391,17.841813854089317,13.356060183257796,17.99248734692422,13.524400125164538,0.7866723157164718,293.56821797688804,298.14029083251955,0.00015193608899911245,0.03704305489857992,0.05077221393585205,0.011713345845540365,-7.866881787776947e-07,2.3547327145934105e-07,-0.00200903316338857,-5.73443869749705e-05,-804.1869791666667,2656113373.866667,2756369493.3333335,2644346222.9333334,2756900036.266667,-0.22196731567382813,387.6345703125,-2.799050610822936e-05,-2.1141072591145833,-67.81048990885417,-0.2219970703125,-6.16617500782013e-05,-244116.18333333332,-798.5666666666667,0.01582020123799642,40.08964335123698,4.262678946057955e-05,8.76480092604955e-06,4.220553673803806e-05,8.64438091715177e-06,5.084086830417315e-05,300.9670455679026,-1.4584954866829018e-05,-1.404060749337077e-05,-4.3705008768786986e-06,-1.5817184854919712e-06,-3.7341058487072585e-06,-8.850804685304562e-06,-2.8464975184760987e-05,-2.8003822080790997e-05,-2.0503613632172347e-05,-1.549525186419487e-05,-1.0620608615378538e-05,-7.890560664236545e-06,-1.6308001553018888e-06,5.79458816597859e-06,4.673275786141554e-06,2.784809718529383e-06,8.526491001248359e-07,6.170477718114852e-07,9.236391633749008e-07,1.2687407433986663e-06,1.3639451935887338e-06,0.051021168818503305,0.2923133946528348,0.7529958009719848,3.585200546743969,23.716586257020634,81.26264367103576,77.0968526467681,77.31739959716796,69.6987943135202,61.148407491048175,36.53195358042915,33.4927651502192,49.743693530668196,57.434068214893344,62.76027485132217,58.67275142669678,59.76969958444436,63.33668043414752,71.71384597818057,77.72759892245134,76.50914510091145,303730.95677083335,258873.09348958332,233381.634765625,202010.22135416666,182195.66614583333,162258.033984375,139333.19283854167,121796.64205729167,107320.94622395834,94920.233984375,74260.42239583333,57359.20130208333,43072.804427083334,30670.991145833334,19676.816015625,14601.237630208334,9763.365755208333,7428.1998046875,5147.355501302083,2919.598291015625,743.7595703125,0.0009287672738234203,4.7151247660319014e-05,-0.002193931738535563,0.002387070655822754,0.0042841593424479164,0.003066686789194743,0.020055357615152994,-0.015591112772623698,-0.03966445922851562,-0.032853221893310545,-0.006192398071289062,3.376007080078125e-05,-0.00013612111409505207,0.00976104736328125,0.014875475565592449,0.01718317667643229,0.02481505076090495,0.029006385803222658
24,998.343125,15.889248847961426,1.5921596059342846e-05,-6.3378092818311416e-06,-1.8957536667585373e-05,1.827190499170684e-05,2.5525559976813383e-05,7.36895981390262e-06,332.3612976074219,349.9853515625,346.7704467773437,344.6532592773437,343.6783142089844,342.0875244140625,341.3184509277344,341.6800537109375,334.8666381835937,328.697021484375,14.643519401550291,14.53796100616455,14.63690185546875,14.413476943969728,1.668796181678772,296.74681854248047,299.8210144042969,0.0012252982705831,0.2623950242996216,0.2050511837005615,0.2503538131713867,4.958827048540115e-06,-3.20986146107316e-06,0.000264823436737,-0.000345186330378,556.2109375,2677396992.0,2831894784.0,2674070016.0,2832803968.0,-1.457305908203125,322.32470703125,-7.930301944725215e-05,-15.29541015625,-180.2137451171875,-10.90380859375,-0.000404804944992,-648772.0,-39254.25,0.0768049955368042,61.78028376400471,0.0002742265351116,0.0002193544059991,0.0003403625451028,0.0001895618624985,0.0005299048498272,300.71741536458336,-2.1509258658625185e-05,-1.4479068340733647e-05,-7.934868335723877e-07,8.513365173712373e-06,-3.7867139326408505e-06,-1.7561251297593117e-07,-2.5213113985955715e-05,-1.0271440260112286e-05,1.5593483112752438e-05,4.251324571669102e-05,7.037702016532421e-05,9.389256592839956e-05,9.659340139478444e-05,9.386020246893167e-05,9.830412454903126e-05,0.0001096227206289,0.0001148787559941,0.0001130708260461,0.0001065933611243,9.041547309607267e-05,7.62775307521224e-05,0.0422462709248065,0.2820302844047546,0.64918452501297,3.023081064224243,25.1787092089653,109.07955089211464,97.22229014337064,96.59225478768349,81.05821335315704,69.47110748291016,58.21529418975115,71.18427138030529,83.70025634765625,84.41490936279297,95.17520904541016,96.87665557861328,94.13493347167967,92.13973988592625,90.39407335221767,87.07656081020832,82.04552459716797,304225.587890625,259186.76171875,233595.630859375,202259.732421875,182396.7265625,162490.697265625,139672.818359375,122033.5234375,107435.6640625,94948.2587890625,74186.724609375,57219.94140625,42898.7451171875,30434.884765625,19371.2138671875,14277.205078125,9436.80712890625,7103.60107421875,4823.5947265625,2592.53564453125,406.23046875,-0.0004186742007732,-0.0039613842964172,-0.0004881620407104,-0.0057962536811828,0.0080664753913879,-0.006244957447052,-0.2314746379852295,-0.4828071594238281,-0.5116457939147949,-0.4793429374694824,-0.4101018905639648,-0.2267036437988281,-0.1811676025390625,-0.1996469497680664,-0.2997684478759765,-0.2630214691162109,-0.1048917770385742,-0.0225591659545898,4.923066706277503e-06,5.291137596116768e-06,-1.02086360863618e-06,-1.6992141903075337e-07,-2.2901179132679114e-06,5.732672744016935e-07,328.2621915340424,348.8568291266759,345.8516827185949,343.21513388156893,338.9051316102346,334.18776497840884,331.7898862044016,331.72580842177075,325.0788276195526,321.36547622680666,17.828617300787787,13.055309747283657,17.89743108829716,13.205571711948142,0.7934344778642601,294.13909912109375,300.12446645100914,0.00013044352332750955,0.02958846092224121,0.050114377339680986,0.01538238525390625,-2.085270049671332e-07,1.1667531604568164e-07,0.0007462938626607259,-8.150829623142878e-05,120.23723958333333,2660501529.6,2762312209.0666666,2648725589.3333335,2762846080.0,-0.2851898193359375,358.8822916666667,-2.9068692432095606e-05,-43.25422770182292,-69.25037027994792,-33.323388671875,-7.921836028496424e-05,-249301.46666666667,-119964.81666666667,0.015586066246032714,40.71136050025622,3.5062246024608615e-05,1.2240558862686158e-05,3.6232670148213704e-05,1.212159792582194e-05,4.834734524289767e-05,300.9670455679026,-1.3102661857071022e-05,-1.4455315734570224e-05,-4.919965673858921e-06,-1.6540735183904568e-06,-3.7156016333028676e-06,-8.976203389465809e-06,-3.0672810195634764e-05,-2.8423390661676726e-05,-2.1085057718058427e-05,-1.4384797153373559e-05,-1.001419344296058e-05,-7.233978249132633e-06,-1.3239060839017232e-06,5.652856392165025e-06,4.8265249157945314e-06,2.328663443525632e-06,6.014791627724966e-07,3.1773621837298077e-07,1.0884056488672892e-07,5.404620120922725e-07,8.594011887907982e-07,0.04509651723007361,0.2675777316093445,0.7942240958102047,3.49096075737228,22.19890713294347,80.71802280942599,73.87202472984791,76.30743707120419,67.3842984845241,59.4297783749799,36.860689751803875,34.78229755113522,49.8265173877279,57.14859114214778,62.90722958644231,59.082618713378906,60.2761468783021,64.27334766387939,72.01094965934753,75.20791892657677,72.05530039146542,304170.6432291667,259104.69127604167,233605.64361979166,202222.95677083332,182374.67825520833,162413.83658854166,139465.10104166667,121918.90546875,107435.08294270834,95035.2671875,74372.73229166666,57467.659505208336,43174.337630208334,30769.128385416665,19772.339388020835,14695.953385416668,9857.588736979167,7521.7400390625,5239.635579427083,3009.30205078125,829.6669921875,-9.060824910799662e-05,-0.0005341688791910807,-0.0017975290616353353,-0.00039525826772054035,-0.0017726222674051921,-0.003074944019317627,0.02003636360168457,-0.01813656489054362,-0.03582569758097331,-0.03149426778157552,-0.024339803059895835,-0.02827345530192057,-0.02404963175455729,-0.01918938954671224,-0.025131861368815105,-0.021557935078938804,-0.01544500986735026,-0.013021024068196614
25,996.635625,17.598474502563477,4.526513657765463e-05,2.4421580747002736e-05,8.147922017087694e-06,3.4595959732541814e-05,-1.0093071978189982e-07,-1.2931274795846548e-05,331.434326171875,350.3212280273437,347.9869689941406,345.85772705078125,343.7244873046875,341.7326354980469,340.2908020019531,341.472900390625,334.2108764648437,327.2314758300781,16.23770523071289,14.140707015991213,16.435205459594727,14.22612762451172,1.733494758605957,296.8479766845703,299.9074935913086,0.0004968736320734,0.187508225440979,0.1785459518432617,0.1129703521728515,5.500100087374449e-06,-2.648448571562767e-07,0.0020938515663146,-0.0001474367454648,1034.265625,2669576576.0,2822256512.0,2665557248.0,2823139712.0,-0.5285682678222656,383.30126953125,-7.54357606638223e-05,-13.37774658203125,-182.50897216796875,-12.869140625,-0.0001468220725655,-657031.0,-46329.5,0.0625232458114624,61.05152130126953,0.0001167706213891,0.0001881630159914,0.000138018745929,0.0001587686128914,0.000296791549772,300.75474625926904,-2.0457198843359947e-05,-1.653394429013133e-05,-3.0230730772018437e-06,8.33811645861715e-06,-8.001778041943908e-06,-1.0916846804320812e-06,-2.5530054699629545e-05,-1.5722995158284903e-05,2.142420271411538e-05,6.098230369389057e-05,7.935240864753723e-05,9.199150372296572e-05,9.167229291051626e-05,8.907367009669542e-05,9.198905900120737e-05,0.000101065961644,0.0001058024354279,0.0001066015101969,0.0001011631684377,8.506071753799915e-05,7.156259380280972e-05,0.0430440753698349,0.3026153147220611,0.696600079536438,3.63200044631958,23.49283218383789,109.55037620663644,96.26882173120975,93.70384982973336,77.17297374457121,74.44637125730515,58.12892131507397,69.98979070782661,78.49623914062977,82.66588595509529,94.65094757080078,96.2222900390625,92.67979431152344,90.95368957519533,89.89498141407967,86.70951080322266,81.44393920898438,303985.326171875,258812.439453125,233322.96875,202039.95703125,182196.662109375,162340.9453125,139509.150390625,121832.509765625,107254.2109375,94797.904296875,74060.07421875,57090.02734375,42751.1376953125,30277.810546875,19207.6845703125,14111.8505859375,9270.98046875,6936.9853515625,4655.92431640625,2423.343505859375,235.50830078125,-0.0017940402030944,-0.0020935237407684,-0.0055993199348449,-0.0083999037742614,0.0046029090881347,-0.0090715289115905,-0.1762194633483886,-0.3653287887573242,-0.3594722747802734,-0.2952756881713867,-0.1599941253662109,-0.0266427993774414,-0.0783967971801757,-0.1427230834960937,-0.2167778015136718,-0.2212181091308593,-0.1075019836425781,-0.0396337509155273,1.212910127989612e-06,2.192248189326895e-06,-2.850938089099993e-06,-1.209015822541437e-06,-2.9905042518753773e-07,3.953589975275866e-06,326.12295650641124,348.6559699694316,345.62039534250897,342.9802910089493,338.5515940666199,333.9169895728429,331.4547766129176,331.4722243150075,324.8017551024755,321.2497482140859,18.252042885722283,12.995698856189849,18.351085744503266,13.17555613668325,0.8087623034240096,293.55967915852864,301.65941925048827,0.00010346223910649618,0.03157377243041992,0.062497893969217934,0.014632670084635417,-6.217354287703833e-08,5.760230123996735e-08,0.002408506472905477,-7.547984520594279e-05,776.32578125,2652650948.266667,2754482773.3333335,2640100283.733333,2754997700.266667,-0.3332890828450521,389.19420572916664,-2.8362315303335586e-05,-64.46065673828124,-76.33722737630208,-68.387109375,-9.257923811674118e-05,-274814.88333333336,-246193.56666666668,0.019540882110595702,40.71963553975026,2.830143397053083e-05,1.3875650862852732e-05,2.8739388411243758e-05,1.4199564854303995e-05,4.2943501224120455e-05,300.95976162666716,-1.3158074580132961e-05,-1.48591798885415e-05,-5.292335602765282e-06,-1.6448330522204439e-06,-4.289176043433448e-06,-9.19536881459256e-06,-3.12675799553593e-05,-2.734168277432521e-05,-2.158001298084855e-05,-1.5143887139856815e-05,-1.0726111941039563e-05,-6.220644960800807e-06,-9.992082292834918e-07,5.029840394854546e-06,3.889839475353559e-06,2.179675114651521e-06,1.3587608312567074e-06,7.093418389558792e-07,2.7923379093408584e-07,8.100488533576329e-07,1.179426908493042e-06,0.04277062514350594,0.27478519082069397,0.8671787820368384,3.642695967356364,23.96183292840918,86.25866846839587,71.8181282505393,75.41502562612295,64.6818596954147,56.70725371092558,36.916536529362205,36.11285236304005,49.605119196822244,58.250388538837434,63.39442124813795,59.21887114668886,59.73224229291081,63.34810180664063,69.47183486024538,69.3761031957964,66.25238368312517,303912.4075520833,258783.330859375,233321.85416666666,202017.39088541668,182204.57591145832,162292.4734375,139340.31901041666,121777.090625,107287.03997395834,94884.08606770834,74220.00423177083,57315.820572916666,43017.853255208334,30609.81640625,19610.566145833334,14530.768131510416,9686.461881510417,7346.151009114584,5058.542903645834,2821.129671223958,635.8190755208333,-0.0003919422626495361,-0.0018309255441029866,-0.0035418252150217692,-0.0030797282854715985,-0.00453644593556722,-0.009348114331563314,0.005593951543172201,-0.04043703079223633,-0.05293401082356771,-0.04595998128255208,-0.045737266540527344,-0.04710534413655599,-0.03367563883463542,-0.03443565368652344,-0.053177897135416666,-0.045244026184082034,-0.03989486694335938,-0.041518147786458334
26,996.980625,17.598506927490234,5.284434882923961e-05,2.803545248752925e-05,1.6535748727619648e-05,3.874711546814069e-05,1.8521277524996549e-06,-6.5418726080679335e-06,331.750732421875,350.5130615234375,348.6874694824219,347.094482421875,344.1513061523437,341.6122436523437,339.663818359375,341.2835388183594,333.4861755371094,325.7240905761719,16.275062561035156,13.704392433166504,16.875709533691406,14.422445297241213,1.691195011138916,296.6981735229492,299.7924499511719,0.0004209540784358,0.1229720115661621,0.2019809484481811,0.1583566665649414,6.044108886271715e-06,-4.37488779425621e-07,-0.001869261264801,-0.0002574305981397,-528.46484375,2666927104.0,2820870144.0,2662008064.0,2821665408.0,-0.60198974609375,282.21826171875,-6.593615398742259e-05,-6.7891845703125,-164.6431884765625,-8.25274658203125,-0.000167223624885,-592715.5,-29708.5,0.0686551332473754,61.55821228027344,0.0001139724627137,0.0001593427732586,0.0001169261522591,0.0001356364227831,0.0002525625750422,300.7865916285021,-1.9979779608547688e-05,-1.8079750589095056e-05,-4.0585873648524284e-06,4.7700596041977406e-06,-9.02653846424073e-06,-3.503926564007997e-06,-2.7891044737771157e-05,-2.173660323023796e-05,2.48919241130352e-05,5.976122338324785e-05,8.594943210482597e-05,8.575583342462778e-05,8.674361743032932e-05,8.377921767532825e-05,8.743081707507372e-05,9.46050276979804e-05,9.379826951771976e-05,8.82619060575962e-05,8.065078873187304e-05,6.830249913036823e-05,5.728506948798895e-05,0.040698230266571,0.280928760766983,0.7276073098182678,4.58912467956543,23.667919158935547,107.16825085878372,95.57415771484376,87.53286730870605,60.09378854930401,63.159212708473206,48.25310516357422,77.59352111816406,87.0553207397461,86.420166015625,93.57466888427734,94.83300018310548,89.99188223481178,88.6128998696804,89.11973571777344,85.31363677978516,80.37385559082031,303889.154296875,258634.697265625,233217.265625,201981.849609375,182235.142578125,162365.892578125,139523.6015625,121864.728515625,107313.2578125,94844.5107421875,74062.8330078125,57068.525390625,42728.5458984375,30254.3994140625,19176.65087890625,14079.75341796875,9241.4931640625,6908.14306640625,4627.28857421875,2394.637451171875,206.73974609375,0.0015203654766082,0.0024315863847732,-0.001720517873764,-0.0053983032703399,0.0052184462547302,-0.001357078552246,-0.1292245388031005,-0.2602181434631347,-0.2226390838623047,-0.1564865112304687,-0.0823688507080078,-0.1394510269165039,-0.1932849884033203,-0.218963623046875,-0.1788606643676757,-0.1563863754272461,-0.0488166809082031,0.0115127563476562,-2.3894910014578736e-07,1.5266126872380549e-06,-3.1664755004635025e-06,-1.6981679534970364e-06,-4.597199678807914e-07,3.1245953745394927e-06,323.357009768486,348.8406423807144,345.7663703838984,343.0623803695043,338.17920033137005,333.16038654645286,330.4644781748454,330.8847793976466,324.2173006137212,320.851954293251,18.63039000708959,13.655248323711566,18.583638219193865,13.69471878610396,0.7180813679119941,292.8924519856771,301.84032440185547,0.00013903925816218058,0.03865664800008138,0.06406577428181966,0.020861307779947918,1.892059420545896e-07,4.252263655265172e-08,-0.0005721052487691244,-6.137217084566752e-05,-227.82083333333333,2649129378.133333,2749731242.6666665,2635780488.5333333,2750219084.8,-0.20314153035481772,301.61663411458335,-2.7047763190542658e-05,-28.22913818359375,-68.78767496744791,-39.803076171875,-5.642796556154887e-05,-247635.96666666667,-143290.76666666666,0.021643869082132974,40.2280873666207,2.840027833978335e-05,1.814980059862137e-05,3.862079853812854e-05,1.7405673861503602e-05,5.602973202864329e-05,300.9546543298391,-1.4370474188278119e-05,-1.5744399085330467e-05,-5.110046671082576e-06,1.2533952637265126e-07,-4.961746162734925e-06,-1.046083828744789e-05,-3.185426079047223e-05,-2.697729893649618e-05,-1.9738272142906985e-05,-1.596076569209496e-05,-1.2621586211025716e-05,-6.236787885427475e-06,-1.3646359244982401e-06,3.267964348196983e-06,2.8591991091767945e-06,1.9695997859040896e-06,1.0677613317966461e-06,6.605094919602076e-07,3.7460122257471087e-07,4.986611505349477e-07,8.724241827925046e-07,0.04072140444526061,0.27110121051470437,0.9122585137064259,3.847836176554362,25.216739654541016,92.34112571279208,70.14698066910108,75.40298335850238,62.79810477991899,53.11209760904312,36.66770477294922,36.33468017578125,48.38142519096534,58.634421453873315,61.47549447218577,58.02056939676404,57.207274314761165,60.39728563899795,66.7317460268736,66.10774176220099,63.47476810440421,303839.665625,258631.78541666668,233192.455859375,201985.70572916666,182187.16927083334,162311.301171875,139357.24674479166,121776.07434895834,107280.93177083334,94866.0150390625,74191.92962239584,57285.5056640625,42979.837890625,30559.355924479165,19548.296647135416,14462.532486979168,9611.251334635417,7267.276790364584,4976.473665364583,2736.622802734375,550.15361328125,6.740391254425048e-05,-0.0002741644779841105,-4.846254984537761e-05,-0.0008062700430552165,0.000706632932027181,-0.00221027135848999,0.006718079249064128,-0.04328028361002604,-0.04686018625895182,-0.04294281005859375,-0.040288352966308595,-0.030574798583984375,-0.015482584635416666,-0.007942390441894532,-0.022468058268229167,-0.016564559936523438,-0.01520074208577474,-0.019449170430501303
27,998.41375,19.33740234375,5.982550646876916e-05,5.1106686441926286e-05,2.60469714703504e-05,2.3252574465004727e-05,-1.2128505659347866e-05,-6.502726137114223e-06,331.97674560546875,350.67169189453125,348.93414306640625,347.7118835449219,344.06817626953125,341.0296936035156,338.7025451660156,339.8245849609375,331.9241943359375,324.577880859375,16.542930603027344,12.948741912841797,17.203601837158203,13.71686553955078,1.7472965717315674,296.82838439941406,299.8554153442383,0.0004163570702075,0.0901753902435302,0.2132934331893921,0.2986965179443359,7.710361387580633e-06,-3.076856955885887e-07,-0.0012734830379486,-0.0003753527998924,-303.5546875,2671321856.0,2825209600.0,2666399488.0,2825988480.0,-0.8598899841308594,257.31396484375,-6.409810157492757e-05,-4.6630859375,-142.52435302734375,-4.8460693359375,-0.0002388572320342,-513086.75,-17444.75,0.0842256546020507,61.53547152876854,0.0001208251342177,0.000186457298696,0.0001156565267592,0.0001645339652895,0.0002801697701215,300.7865916285021,-1.8166028894484043e-05,-1.885394158307463e-05,-4.476969479583204e-06,1.5444093151018023e-06,-6.128975655883551e-06,-8.583767339587212e-06,-2.842792309820652e-05,-2.859917003661394e-05,1.1567375622689724e-05,5.289562977850437e-05,8.393265306949615e-05,8.802395313978195e-05,8.328037802129984e-05,8.121680002659559e-05,8.665467612445354e-05,9.059906005859376e-05,8.890812750905752e-05,8.245569188147783e-05,7.35217472538352e-05,6.0563674196600914e-05,5.02138864248991e-05,0.0360410995781421,0.2505643281619996,0.8234519958496094,4.317097593098879,24.431734085083008,102.73699206113815,96.6377410888672,69.52731209993362,45.405345130711794,51.48745727539063,46.31858361884952,80.01370294392109,88.64887237548828,86.5741195678711,93.92947387695312,93.70246887207033,87.5424502491951,85.75464630126953,88.28157806396484,84.89468383789062,80.30078887939453,304065.2890625,258746.041015625,233365.82421875,202070.791015625,182343.14453125,162417.119140625,139599.7890625,121977.271484375,107432.298828125,94968.4521484375,74180.5732421875,57193.572265625,42857.3662109375,30384.2255859375,19314.40380859375,14219.83740234375,9381.7578125,7048.09423828125,4766.90478515625,2534.16015625,346.184326171875,0.003037080168724,0.000217005610466,-0.0011570751667022,0.0081982016563415,-0.0033151507377624,0.0021498203277587,-0.1551957130432129,-0.1970291137695312,-0.14971923828125,-0.1684074401855468,-0.2309904098510742,-0.2747421264648437,-0.2743558883666992,-0.3084478378295898,-0.2506895065307617,-0.1953630447387695,-0.0656824111938476,0.0035200119018554,2.559699698927628e-07,-1.9571251048423425e-07,-4.199813018143881e-06,-1.478831771004052e-06,4.141433867061821e-07,2.283482532488071e-06,321.74403976599376,348.72180908521017,345.5528799533844,342.99198710918427,337.9821238676707,332.7705125490824,329.9742433071136,330.6177177588145,323.7929035425186,321.03096404870354,19.039990987675264,13.859287578771667,19.134178016664617,14.126590566298304,0.7000232481577162,293.3981201171875,300.89424794514974,6.327001998821895e-05,0.03350386619567871,0.059622669219970705,0.017932701110839843,7.979494209090868e-08,4.0885061025619506e-08,-0.0014913499355316163,-5.806895593802134e-05,-577.0877604166667,2652944870.4,2754798967.4666667,2639578624.0,2755281800.5333333,-0.15202382405598958,409.68577473958334,-2.4388619931414723e-05,0.36598307291666665,-60.05826009114583,-0.18126627604166667,-4.2226165533065796e-05,-216209.45,-653.6,0.018960014979044596,40.728689465920134,1.935151716073354e-05,1.4765312274297078e-05,1.7576556031902632e-05,1.5862565487623214e-05,3.3429389198621114e-05,300.9546543298391,-1.4440934561813871e-05,-1.6248180569770434e-05,-4.825647920370102e-06,1.2757470055172841e-06,-6.038757661978404e-06,-1.0885562126835187e-05,-2.9711821116507054e-05,-2.7195422444492578e-05,-1.7992655436197917e-05,-1.5266945896049342e-05,-1.176506436119477e-05,-5.998225727428993e-06,-8.348220338424047e-07,2.8872862458229063e-06,2.9094284400343894e-06,1.6738505413134892e-06,8.019851520657539e-07,3.2629662503798804e-07,-3.6135315895080564e-08,4.104028145472209e-08,3.130408003926277e-07,0.04068997576250695,0.2622130810244319,0.8879339853922527,3.833309157130619,23.25781339754661,91.57660225431124,69.84178365071615,74.60794773548841,62.45305138081312,53.66906143650412,38.32928265978892,37.29884932637215,49.39303205609322,59.50908660888672,61.563760070999464,57.99548140739401,58.42234187896053,61.940480377028386,68.45614130993684,69.40564168294271,67.50155458599329,304077.31744791666,258780.64778645834,233317.95885416667,202107.93515625,182265.88203125,162375.12877604167,139419.42161458332,121852.73072916667,107367.36705729166,94958.30110677083,74295.94309895833,57395.4080078125,43094.475325520834,30678.302799479166,19667.900651041666,14581.608984375,9732.360546875,7390.218782552083,5101.499934895834,2864.25205078125,679.855322265625,0.000242537260055542,0.0011529932419459025,0.0011506954828898112,0.0014741559823354085,0.005039995908737183,0.001397693157196045,0.010211960474650065,-0.037029234568277995,-0.040887006123860675,-0.03324877421061198,-0.02449029286702474,-0.014509836832682291,-0.009484354654947917,-2.1616617838541666e-06,-0.015041351318359375,-0.008345603942871094,-0.005298995971679687,-0.004876772562662761
28,998.43,19.12825584411621,6.38548590359278e-05,5.033509660279378e-05,3.0362934921868145e-06,-8.535823326383252e-06,-2.1524370822589844e-05,-4.211119176034117e-06,333.2624816894531,350.5727844238281,348.6484680175781,347.4822998046875,343.3525085449219,339.499267578125,337.881103515625,339.65631103515625,331.459716796875,326.172607421875,15.28364086151123,12.10328769683838,15.47386074066162,12.139283180236816,1.7349385023117063,296.72630310058594,299.4205703735352,0.0009821075946092,0.1244237422943115,0.2990980148315429,0.5191941261291504,5.83333894610405e-06,2.048909664154053e-07,-0.0002967417240142,-0.0007407050579786,-80.625,2667821568.0,2821423360.0,2660568960.0,2822257536.0,-1.717144012451172,243.0625,-6.267134449444711e-05,-7.1142578125,-132.9276123046875,-6.26995849609375,-0.0004769824445247,-478542.0,-22571.5,0.0722131729125976,61.421424865722656,0.0003255875781178,0.0002333931624889,0.0002728048712015,0.0002174703404307,0.0004902798682451,300.7797322778658,-1.5929486835375428e-05,-1.7264086636714637e-05,-6.7341752583161e-06,2.201370080001652e-06,-8.737246389500797e-06,-8.496950613334775e-06,-3.2908166758716106e-05,-1.6708218026906252e-05,1.0164862032979728e-05,4.5703607611358166e-05,7.782410830259323e-05,8.429971057921648e-05,8.27213516458869e-05,7.983786053955555e-05,9.011919610202312e-05,9.04817134141922e-05,8.442951366305351e-05,7.976614870131016e-05,7.061136420816183e-05,5.5009499192237854e-05,4.63974429294467e-05,0.0362704806029796,0.2284506261348724,0.842321515083313,3.524440288543701,26.109422773122787,98.216026365757,97.06448364257812,61.60500387847424,51.67236887663603,58.299461364746094,57.85873641073704,77.19261169433594,85.84996032714844,87.83610534667969,95.82858276367188,94.46287536621094,88.37031584978104,86.54338836669922,90.05778503417969,87.52064514160156,83.07963562011719,304435.1796875,258944.388671875,233492.73046875,202161.22265625,182348.353515625,162436.373046875,139635.619140625,122048.025390625,107526.802734375,95062.953125,74252.9638671875,57241.4619140625,42894.623046875,30427.9970703125,19373.72900390625,14285.80517578125,9451.1728515625,7118.92041015625,4839.48095703125,2609.7646484375,427.24267578125,-0.0028289966285228,0.0045237243175506,-0.0023447275161743,0.0050181746482849,-0.0020075440406799,0.0097156167030334,-0.1514883041381836,-0.1976947784423828,-0.1687221527099609,-0.2540163993835449,-0.4607839584350586,-0.586817741394043,-0.6178617477416992,-0.5769453048706055,-0.4185657501220703,-0.2940492630004883,-0.1129379272460937,-0.024062156677246,2.0991082424152507e-06,-2.0637972778178133e-07,-3.229169914930185e-06,-3.1649306780256e-07,8.854651113087509e-07,1.3715705449583674e-06,322.16632212247094,348.8227017588635,345.57425135695587,342.9017629742128,337.91196313438576,332.6008992254487,329.8107781469575,330.4435454720778,323.2689307042672,321.0794164966251,19.435405138802725,14.44789893876112,19.48058796795356,14.69420280962935,0.7414660401327373,293.58213195800784,299.84582977294923,8.397984007994334e-05,0.022655216852823894,0.06040976047515869,0.014400164286295572,4.6216882765293125e-09,7.280614227056503e-08,0.00012176434199015299,-3.8003611067930856e-05,-58.51901041666667,2653095338.6666665,2754043178.6666665,2638889181.866667,2754534690.133333,-0.1944775899251302,486.19244791666665,-2.3790099658071994e-05,1.3632405598958333,-56.794498697916666,1.4492757161458334,-5.402136594057083e-05,-204460.08333333334,5217.533333333334,0.017415563265482586,40.365936787923175,2.1127921839555105e-05,7.334165275096893e-06,2.332741084198157e-05,8.233108868201574e-06,3.156326711177826e-05,300.9546700235561,-1.4658786434059341e-05,-1.629578861563156e-05,-4.639822873286903e-06,1.006921714482208e-06,-6.954017832564811e-06,-1.238521266107758e-05,-2.864707882205645e-05,-2.7750327717512846e-05,-1.8045061733573674e-05,-1.6042725959171852e-05,-1.0882574133574963e-05,-6.324176987012228e-06,-1.2370602538188298e-06,2.0647576699654263e-06,1.5371479094028473e-06,1.0250446697076163e-06,1.108724003036817e-06,7.977864394585292e-07,8.626918618877728e-07,1.054032084842523e-06,9.599995488921802e-07,0.04229929180582985,0.24603339234987895,0.8382371843171617,3.5912243207295735,20.727267359942196,90.33011435667673,69.76097819010417,73.04983089566231,61.470343661804996,53.31288010229667,36.2730518947045,35.5779256199797,49.08873662253221,58.729584058125816,62.2287820905447,57.26973717610041,59.333929329862194,62.87244618733724,69.48733623151978,72.92577824393908,71.24508870864908,304326.78359375,258975.41276041666,233466.68138020832,202207.64049479167,182309.87708333333,162380.20872395832,139427.84895833334,121878.020703125,107404.873046875,95005.1009765625,74356.51295572917,57461.19817708333,43166.42825520833,30756.4529296875,19748.176497395834,14663.455436197917,9817.961490885416,7478.494596354167,5192.95986328125,2959.78359375,779.1995442708334,0.00047969048221906027,0.0010181605815887452,0.001513892412185669,0.001791814963022868,0.003376626968383789,-0.0009728272755940756,0.0062700430552164715,-0.03043254216512044,-0.028974278767903646,-0.018633715311686196,-0.005567423502604167,-0.00014177958170572916,-0.0031952540079752604,0.0010278701782226562,-0.025286102294921876,-0.01915918986002604,-0.011426862080891926,-0.008223025004069011
29,996.298125,18.45531463623047,4.831481783185154e-05,3.642469164333306e-05,-1.1184094546479171e-05,-1.7811933503253385e-05,-5.6063740885292646e-06,2.6963734853779897e-06,333.6291198730469,350.9786682128906,348.267578125,346.8467102050781,343.48016357421875,339.91021728515625,337.7173156738281,339.7055358886719,332.59747314453125,328.01580810546875,14.018877029418944,12.219740867614746,14.486055374145508,12.340154647827148,1.7311750650405884,296.6718063354492,299.2335662841797,0.0004850924015045,0.3068422079086303,0.33539879322052,0.7140836715698242,2.5252345949411392e-05,1.1391239240765572e-06,0.0012085139751434,-0.0007952377200126,932.39453125,2664401664.0,2814247552.0,2657153152.0,2815151104.0,-2.7003326416015625,254.6298828125,-7.025265949778259e-05,-9.18353271484375,-173.307373046875,-7.38970947265625,-0.0007501021027565,-623905.0,-26601.5,0.2082189321517944,59.9195911437273,0.0001380313187837,0.0007527046836912,0.0001347474753856,0.0007015615701675,0.0008363164961338,300.7797322778658,-1.80238566827029e-05,-1.617905218154192e-05,-6.506263162009418e-06,3.1794188544154167e-06,-1.2909877113997936e-05,-6.657850462943316e-06,-4.15726681239903e-05,-2.0131818018853664e-05,9.522889740765096e-06,3.4907308872789145e-05,6.80028460919857e-05,8.81534069776535e-05,9.10962698981166e-05,8.624314796179533e-05,9.591644629836082e-05,9.379489347338676e-05,8.452520705759525e-05,7.968000136315823e-05,7.021683268249035e-05,5.4030679166316986e-05,4.648219328373671e-05,0.0475088432431221,0.2203548848628997,0.882495641708374,3.4222719576209784,25.580738067626957,101.00502014160156,94.99739837646484,68.84193444997072,58.042724609375,57.80502920225263,59.99397490173578,82.80814361572266,89.68734741210938,88.43582916259766,93.43292236328124,89.18109130859375,82.90782928466797,83.44957733154297,88.54234313964844,87.53411102294922,83.09939575195312,304220.115234375,258845.623046875,233330.19921875,202033.162109375,182139.841796875,162312.71484375,139545.140625,121966.505859375,107411.078125,94912.2939453125,74083.39453125,57116.5361328125,42805.0546875,30357.21484375,19307.9443359375,14223.65771484375,9393.07373046875,7063.080078125,4785.627930641174,2557.18701171875,375.6728515625,-0.000893048942089,-0.0016782730817794,-0.0014835000038146,0.0003497600555419,0.0074006915092468,0.0015405416488647,-0.2686939239501953,-0.53094482421875,-0.6214256286621094,-0.7165460586547852,-0.8420982360839844,-0.6910791397094727,-0.5900201797485352,-0.5601711273193359,-0.4862499237060547,-0.3327360153198242,-0.1284661293029785,-0.030153751373291,3.913323551392918e-06,5.504235893278216e-07,-2.2293694982487845e-06,3.819333703511396e-07,5.80964034728192e-07,9.59966996771459e-07,325.41561632156373,349.0633213440577,345.57291340033214,342.849342362086,337.9089424292246,332.59795933564504,330.15463082790376,330.6658970753352,323.9341607968012,321.4887462457021,19.238956113594277,14.752559437338885,19.21040561875949,14.799773997052885,0.7322420312710165,293.9169392903646,298.9533116658529,7.420368492603303e-05,0.025058730443318685,0.0742695172627767,0.016767565409342447,-1.3945779452721279e-06,-5.3310456375281016e-08,0.0013058056433995564,-3.314328690369924e-05,371.11953125,2648965230.9333334,2750537122.133333,2634767744.0,2751030229.3333335,-0.15010960896809897,544.6140299479167,-2.4321178595225017e-05,0.36834309895833334,-60.877001953125,0.3241780598958333,-4.17006512482961e-05,-219158.8,1166.7666666666667,0.021267263094584148,40.61574314261476,2.587133397658666e-05,1.8451021363337836e-05,2.0611581082145373e-05,1.5798117965459822e-05,3.641918301582337e-05,300.9546700235561,-1.569653977639973e-05,-1.56024315704902e-05,-4.491284683657189e-06,1.6776340392728646e-06,-7.078313501551747e-06,-1.2410618364810943e-05,-2.7274953511854014e-05,-2.8004051030923924e-05,-1.734034546340505e-05,-1.49827489318947e-05,-9.58997601022323e-06,-7.007527165114879e-06,-2.2741810729106266e-06,1.439172774553299e-06,4.860805347561836e-07,4.1760504245758055e-07,6.235980739196142e-07,6.060271213452022e-07,9.69196359316508e-07,1.418481891353925e-06,1.3491294036308923e-06,0.04308719585339228,0.24920130769411722,0.8573827890058359,3.6610264310613276,20.418647003173827,91.06476214428743,68.12344131444891,71.3208722387751,60.71779988234242,53.433103099217014,34.25331895252069,35.51062637741367,49.98909125054876,59.665912949542204,63.583751797676086,59.62096416155497,62.11150972718994,66.57262216210366,72.44471639146407,78.06602528889974,75.09335599641005,304135.48463541665,258795.8,233304.09427083333,202060.63424479167,182157.001171875,162229.01432291666,139279.83489583334,121738.535546875,107276.30533854167,94881.93834635416,74241.058203125,57346.506575520834,43057.699609375,30653.74296875,19651.04091796875,14570.93662109375,9730.8234375,7394.55322265625,5112.448307291666,2883.1837890625,706.0189778645833,-0.0003414347767829895,0.000329887866973877,-0.0015171249707539877,-0.0021426180998484292,-0.00019013086954752605,-0.004304714997609456,0.009714698791503907,-0.0054070472717285155,0.0035219510396321614,0.013298416137695312,0.017721811930338543,-0.008335177103678386,-0.033139737447102864,-0.029761505126953126,-0.03626416524251302,-0.029497845967610677,-0.0171601931254069,-0.012362130482991536
30,995.861875,17.359365463256836,2.655157913977746e-05,3.087919321842492e-05,6.509328613901744e-07,-9.354777830594683e-06,9.608220352674834e-06,2.249076715088449e-06,336.3485717773437,350.7782592773437,348.0321044921875,346.49688720703125,343.4909362792969,339.773193359375,337.7143249511719,339.1732788085937,331.8822937011719,326.99005126953125,13.69647979736328,10.288378715515137,14.113401412963867,10.374018669128418,1.550196647644043,296.2261047363281,299.17747497558594,0.0004630396142601,0.3303923606872558,0.3463938236236572,0.9134502410888672,1.421663910150528e-05,2.061715349555016e-07,-0.0004673600196838,-0.0009642010554671,182.33203125,2657337344.0,2804254336.0,2648752640.0,2805119744.0,-2.7921676635742188,327.421875,-7.177333463914692e-05,-9.38079833984375,-196.67236328125,-9.99420166015625,-0.0007755849510431,-708018.0,-35976.75,0.1940318346023559,58.747723549604416,9.673833847045898e-05,0.0008569029159843,0.0001286205369979,0.0007843100465834,0.0009129350073635,300.59267508701123,-2.0913052139803767e-05,-1.64051161846146e-05,-8.151022484526038e-06,4.142828402109444e-06,-1.495645847171545e-05,-3.0871015042066574e-06,-4.2363390093669295e-05,-2.0726060029119253e-05,7.341441232711077e-06,2.4181208573281765e-05,7.366063073277473e-05,8.321076165884733e-05,7.757567800581455e-05,7.39837996661663e-05,9.118474554270506e-05,8.76057893037796e-05,7.919897325336933e-05,7.392233237624168e-05,6.421119906008244e-05,5.10532408952713e-05,4.482758231461048e-05,0.0487098507583141,0.2538689448265359,0.9653659274335952,3.603382110595703,17.80829620361328,107.46844482421876,96.77459734678268,78.1346664428711,69.02656555175781,69.08180236816406,73.28781755268574,85.98184219002724,89.33937829732895,86.88436889648438,93.77188110351562,87.09259033203125,81.45778596401215,82.14192199707031,87.34803782403469,86.66084289550781,82.53557586669922,303793.8671875,258544.36328125,233110.26953125,201918.34375,181960.998046875,162118.8515625,139399.484375,121833.86328125,107271.048828125,94757.267578125,73945.6640625,57034.021484375,42747.568359375,30302.341796875,19258.33349609375,14182.23388671875,9358.48779296875,7030.392578125,4754.57373046875,2528.129638671875,348.674560546875,0.002150073647499,0.0003482997417449,-0.0043557882308959,-0.0042970776557922,0.0129299163818359,-0.0005385875701904,-0.2527835369110107,-0.4948639869689941,-0.5773830413818359,-0.7249240875244141,-0.8596944808959961,-0.7547721862792969,-0.707982063293457,-0.6898660659790039,-0.5112333297729492,-0.3249368667602539,-0.1109447479248046,-0.0061607360839843,5.183833800972659e-06,2.079680660395188e-06,-3.071296617121777e-06,-6.863501327366165e-07,-8.786674647732009e-07,-2.422373852498831e-07,328.3372768148841,349.3162496020685,345.7810342717468,343.0595095701732,338.1764406940254,333.1544566569981,330.3535962639013,330.9371123254546,324.43952856419986,322.43451080480554,18.615134984996804,14.725349638023689,18.4565832342226,14.741233040798935,0.7281600663760152,293.7595445308448,298.12846558123704,0.0001257501264330757,0.022361589170590477,0.0626301112511346,0.009582646160204876,-8.819228679683693e-07,2.0292977883608016e-08,-0.0007779269297587921,-2.29050169594555e-05,-287.1099098807054,2642943320.165975,2742964409.892116,2627864228.647303,2743469589.2448134,-0.1381029311057443,583.2658519190871,-2.179076485490403e-05,0.2130324494294606,-60.05968073294865,-0.0949960289159751,-3.836201928957864e-05,-216216.0622406639,-341.62240663900417,0.017155540434651353,39.9956580133359,3.988555481819691e-05,1.774443877683141e-05,3.49307255007914e-05,1.523340762403496e-05,5.016989109427108e-05,301.0314820736568,-1.6290413339417504e-05,-1.4831723258405522e-05,-5.5202462177151715e-06,2.459698939730734e-06,-7.341695679892705e-06,-1.2675378374036602e-05,-2.752447027917874e-05,-3.1173077539475134e-05,-1.9608694418522826e-05,-1.5115782742183732e-05,-1.1112505214528424e-05,-7.0186391766511556e-06,-6.79165055333826e-07,3.2343837931072067e-06,1.396125963120045e-06,4.270307225063134e-07,-1.5250986820681956e-07,3.0662153395379726e-08,6.511587170397097e-07,8.759910001176027e-07,7.863318802657463e-07,0.046204146830542824,0.2528664166208248,0.9067943536548941,3.8025272654299913,19.485437100359018,96.48060620573052,64.06568611805865,68.55978143462502,61.98751286550181,51.80450230515349,31.35534424900514,33.6247079327888,48.7499939735005,60.762001132569374,63.94740223043687,60.53393825356891,64.42892519270237,68.78438438320556,74.21842105012712,80.25958462968407,77.12419956873066,303840.1039937759,258571.526063278,233091.72095435686,201916.17116182574,182003.70902489626,162105.1541753112,139180.95980290457,121629.67168049792,107161.93892634855,94761.28760373444,74120.7380381224,57237.78635567946,42964.49084219398,30579.28330848029,19590.11624740664,14515.263501685684,9680.667190741702,7347.258594560425,5068.0233888744815,2842.044787141792,668.0178850735866,1.5067856341476757e-05,0.0008197414429850598,-0.0004737973213195801,-0.0007755459591560839,0.0008813362893227225,-0.0037483070895879596,0.0075823558316685845,-0.009154153562680319,-0.0018807525951338013,0.013661309396577575,0.015110091055082582,-0.004828920008235947,-0.020977594051123656,-0.00899642928507318,-0.009916483613959982,-0.0034916786732020716,0.008875067303289517,0.013715554075122375
31,997.030625,15.830731391906738,3.155840022373013e-05,3.73746661352925e-05,-2.93782250082586e-06,-8.22976744530024e-06,1.3130945262673777e-05,-3.119234406767646e-06,337.1231994628906,350.6350402832031,347.7159423828125,345.8114624023437,343.0277099609375,339.10400390625,337.5006408691406,339.05322265625,331.31475830078125,327.2044982910156,14.228191375732422,10.097734451293944,14.664907455444336,9.966729164123535,1.411670446395874,296.093017578125,299.3530578613281,0.0003733020275831,0.4425544738769531,0.3288285732269287,0.9311866760253906,1.1742522474378347e-05,-1.019798219203949e-06,-0.0025450885295867,-0.0009019179269671,-515.72265625,2661040000.0,2804975744.0,2652445184.0,2805991296.0,-2.6447105407714844,265.9990234375,-7.44339486118406e-05,-7.05267333984375,-212.7159423828125,-7.2149658203125,-0.0007346402853727,-765774.25,-25973.75,0.1685853004455566,57.55506896972656,0.0001342589966952,0.0008043781854212,0.0001036939211189,0.0007587461732327,0.0008624293841421,300.59267508701123,-2.009842137340456e-05,-1.668650656938553e-05,-1.0576593922451138e-05,2.3808825062587857e-06,-8.761067874729633e-06,-2.456072252243757e-07,-3.881874727085233e-05,-1.4312798157334328e-05,1.2110685929656029e-06,2.073124051094055e-06,7.508927956223488e-05,8.541357237845659e-05,8.38723499327898e-05,7.612677291035652e-05,9.699177462607622e-05,9.549688547849657e-05,8.483580313622952e-05,7.724692113697529e-05,6.724079139530659e-05,5.199364386498928e-05,4.530453588813543e-05,0.0464406907558441,0.232188194990158,0.9647612571716307,4.044685493223369,16.007658004760742,103.03352355957033,96.84790025651456,84.8212898671627,76.23213814198971,75.52551352232695,73.91630694270134,79.52236938476562,88.62454223632812,85.44169616699219,91.63684844970705,84.12815916538239,82.10057830810547,83.13513192534447,86.83145904541016,85.22936250269413,81.09127807617188,304001.99609375,258623.888671875,233124.482421875,202018.12109375,182140.69140625,162192.365234375,139486.40625,121916.470703125,107343.001953125,94822.650390625,74025.53125,57126.728515625,42849.9775390625,30422.45654296875,19390.291015625,14318.55908203125,9497.3056640625,7169.9775390625,4894.0107421875,2667.19189453125,487.500732421875,0.0001677870750427,0.0056927949190139,0.0025694668292999,0.0030286312103271,0.0020757913589477,0.0377407073974609,-0.2274122238159179,-0.536308765411377,-0.7203145027160645,-0.8742761611938477,-0.8391599655151367,-0.6982393264770508,-0.6272830963134766,-0.5519018173217773,-0.4391860961914062,-0.2862920761108398,-0.0821437835693359,0.0158758163452148,1.89927761757742e-06,1.213099544092683e-06,-3.310682288895725e-06,-7.154510911408044e-08,-8.286921547887479e-07,3.2574366476538697e-07,327.1618014574051,349.10604411760966,345.6415342410406,342.8940392494202,337.9371373653412,332.83291511535646,330.1513348340988,330.6379230817159,324.5102017482122,322.1944729089737,18.9107768026491,15.09176536203983,18.86312288190238,15.162289897724984,0.6555456230070074,293.7602788289388,297.73412017822267,0.0001376312846938769,0.017383265495300292,0.05382678508758545,0.013059139251708984,-7.530596728126208e-07,8.409842848777771e-08,-0.002006028095881144,-3.526005893945694e-05,-767.7580729166667,2646620620.8,2747146137.6,2631545582.9333334,2747658666.6666665,-0.13477706909179688,540.94150390625,-2.2214486186082165e-05,-1.7636393229166667,-58.35384928385417,-0.4806396484375,-3.7437366942564645e-05,-210073.88333333333,-1730.3666666666666,0.013419191042582193,40.197516377766924,3.607409695784251e-05,2.6612387349208195e-05,3.823099347452323e-05,2.1519822378953298e-05,5.9752725064754486e-05,301.03138029490805,-1.518647283470879e-05,-1.4763494255021214e-05,-5.888546972225109e-06,2.469032187946141e-06,-6.678653880953788e-06,-1.2294488260522485e-05,-2.7013841706017653e-05,-3.3193333850552637e-05,-2.0893127657473088e-05,-1.3515655882656575e-05,-1.277228972564141e-05,-7.871251242856185e-06,-7.885197798411051e-07,3.1439121812582016e-06,5.968613550066948e-07,-3.38209792971611e-07,2.174793432156245e-07,6.910568724075953e-07,1.2593654294808706e-06,1.2391557296117147e-06,1.1442694813013078e-06,0.04834101398785909,0.2557787279287974,0.9380398750305176,3.8805769718562564,17.853832623859248,96.53834940592448,63.11866596813003,67.5292080928882,61.950805013378464,49.26019704689582,30.092948204775652,32.10215110555291,47.48615141063929,60.50106004551053,63.13730867356062,62.550614156574014,67.8908340635399,71.59781600534916,77.06249644656977,82.11247871741652,79.51954397857189,303872.3265625,258643.003125,233176.72643229167,202024.01263020834,182099.72018229167,162182.05611979167,139262.6703125,121710.00677083334,107249.28815104166,94852.05677083334,74214.94296875,57336.272265625,43072.5166015625,30695.4791015625,19711.949479166666,14640.613704427084,9810.607845052084,7479.5404296875,5202.443294270834,2978.69697265625,806.4780110677083,0.0005920847256978353,0.0005104422569274902,-0.00041168928146362305,-0.0005345046520233154,0.006046100457509359,0.002081902821858724,0.010764408111572265,-0.0008919080098470052,0.014739576975504558,0.03117955525716146,0.023670323689778647,0.0064040501912434895,-0.007754389444986979,-0.004554557800292969,-0.012415313720703125,0.005385589599609375,0.02393163045247396,0.02962315877278646
32,998.57375,14.12554931640625,3.397940963623114e-05,3.1968116672942415e-05,-1.7920727259479463e-05,-3.50150389749615e-06,9.502104148850776e-06,-2.758768005151069e-06,336.7756652832031,350.4877319335937,347.2991638183594,345.1889038085937,341.631103515625,337.107177734375,336.6104431152344,338.799560546875,332.0782775878906,328.1186218261719,13.167460441589355,9.619075775146484,13.22135066986084,9.381242752075195,1.318482756614685,295.5552978515625,299.0159149169922,0.0003109667450189,0.3958973884582519,0.2051200866699218,0.6354107856750488,4.443631041795015e-06,4.825415089726448e-07,7.21961259841919e-05,-0.0003952020779252,276.96484375,2652012544.0,2792320768.0,2638608128.0,2793299968.0,-1.083538055419922,311.25634765625,-7.01007666066289e-05,-14.11016845703125,-189.96466064453125,-11.0484619140625,-0.0003009848296642,-683872.25,-39776.0,0.0922310352325439,56.10511779785156,0.0001081982627511,0.0005263057537376,8.638156577944756e-05,0.0005146963521838,0.0006010807119309,300.6239438264266,-1.820831676013768e-05,-1.593222259543836e-05,-1.2652366422116756e-05,2.709857653826475e-06,-4.774017725139856e-06,2.0432198652997613e-06,-2.245878567919135e-05,-1.2522912584245203e-05,-2.4782493710517883e-06,2.9172981157898903e-05,8.50034411996603e-05,8.696247823536396e-05,8.418166544288397e-05,7.763924077153206e-05,9.71922418102622e-05,9.909260552376507e-05,9.285216219723225e-05,8.545187301933765e-05,7.615308277308941e-05,6.393983494490385e-05,5.447829607874155e-05,0.0446031913161277,0.2101327332202345,0.9072484485805036,3.8441643714904794,17.640872955322266,81.97735595703125,99.03605651855467,98.21624755859376,90.59667970985174,89.11786651611328,70.1668639332056,68.1790771484375,84.18988828361034,81.93508933484554,90.80380249023438,89.61019888520241,86.97186279296875,85.98128509521484,85.95758819580078,85.19988250732422,81.53518676757812,304375.9921875,258945.8828125,233352.421875,202210.275390625,182369.09375,162333.984375,139527.263671875,121947.365234375,107380.779296875,94874.408203125,74125.5888671875,57241.2705078125,42969.3525390625,30548.18701171875,19511.2392578125,14436.2685546875,9612.41845703125,7284.43359375,5008.78173828125,2783.903564453125,609.804931640625,-0.0002827383577823,0.0001700222492218,0.0004649460315704,0.0017147660255432,-0.0077207088470458,0.0193203091621398,-0.1209943294525146,-0.5479004383087158,-0.6484885215759277,-0.5123872756958008,-0.1963319778442382,-0.1793212890625,-0.2274808883666992,-0.2618579864501953,-0.3319473266601562,-0.2601757049560547,-0.1102466583251953,-0.0369119644165039,1.148146764039954e-06,9.761940745695576e-09,-2.8938002965720246e-06,8.432258373934112e-07,-3.936222762579273e-07,5.97456524752898e-07,326.2251562395936,348.8688646029268,345.48916420213504,342.5857154572235,337.44717117108536,332.24551810222954,329.40747006455,329.8821254090664,323.9365465523383,321.6301894704059,19.33011254658227,15.225734792070408,19.416432694728535,15.382986999103125,0.6319118187055703,293.8215100567521,299.7642860737798,7.652749820631378e-05,0.014220426692977428,0.061965355051484594,0.014474618961508654,-1.9485272372825236e-07,3.8065915593833644e-08,0.0006290448940684093,-5.3053089997097673e-05,162.97368755650996,2646680563.8315682,2745174352.8803926,2629966807.3944716,2745722407.811935,-0.14642959551366533,491.28539137173857,-2.6535727584109507e-05,-43.85037213312936,-67.8642725706778,-34.04191454939373,-4.067462879815049e-05,-244311.95401704987,-122550.80960991992,0.010420747765334377,39.38493300371162,2.2787236021766673e-05,1.9084942245384854e-05,2.125756311281126e-05,1.7999648062396314e-05,3.925761151640214e-05,301.0406417108691,-1.4934739157438637e-05,-1.6157728625978486e-05,-6.562630218042057e-06,9.247358011197779e-07,-4.9188645045075485e-06,-1.2820219989976449e-05,-2.8567905921524608e-05,-3.404711288703378e-05,-2.0917903743078006e-05,-1.6161911762159513e-05,-1.3758006400530482e-05,-8.368163817814542e-06,-2.6017400739005726e-06,2.056799561470493e-06,-1.7241665526158248e-07,-1.6790409544754692e-07,1.1269116229987581e-06,1.6623246645902793e-06,1.4906358531982022e-06,1.256781380245372e-06,1.413489575708322e-06,0.0460101271289259,0.23953442668166464,0.9070649474851539,4.059736492158954,16.549886658652998,91.67442626085925,64.5892344509037,68.18263326717329,58.614873091338744,43.601709953176055,27.753296352486007,30.01854636927225,45.73737333652986,59.16718507755391,60.39544389537988,62.38723695114952,66.81637755551408,70.03834157272138,74.87153949358148,77.33537386345081,73.12582156664948,304295.15507943684,258902.23077047276,233377.09626065617,202207.41478300182,182292.59403254974,162320.3907743477,139392.92629488505,121833.64403577887,107364.40900284164,94964.37953694136,74323.40462735727,57442.82317735243,43178.38600934836,30802.501266428248,19819.584978849136,14749.021163983789,9918.672669166559,7586.63037840977,5308.910874859735,3083.808016478199,909.8241789533753,-0.0003719925408876395,0.0001654622321349341,-0.0010764765911895587,-0.003910080449151857,-0.0013331240444828822,0.0007995497469013897,-0.00541410197339542,-0.015721210734969238,-0.0031535770196503246,-0.000792226690372673,-0.016366798481686238,-0.022667199935262686,-0.030182091957590924,-0.031444060774743786,-0.04258634581549843,-0.030696767394593816,-0.016932171649385933,-0.01380618713032026
33,996.67375,14.234855651855469,4.6046356146689504e-05,2.3950629838509485e-05,-2.470040999469348e-05,4.922192601952702e-06,9.585945917933714e-06,5.466944912768668e-06,335.6573791503906,350.1954345703125,346.9927062988281,345.1260986328125,341.2149658203125,337.3782958984375,336.523193359375,338.9303283691406,332.3463134765625,328.3831481933594,12.04532527923584,8.61732006072998,12.094518661499023,8.273292541503906,1.342906475067139,295.6886215209961,299.3160858154297,0.0003048786893486,0.2165192365646362,0.1753169298171997,0.3101482391357422,3.5524717532098293e-06,6.500049494206905e-07,0.0027919709682464,-0.0002987459301948,1144.1328125,2645907456.0,2785301888.0,2632538240.0,2786187776.0,-1.1130409240722656,345.904296875,-7.060228381305933e-05,-21.063232421875,-164.7738037109375,-17.82281494140625,-0.0003091730177402,-593185.25,-64162.25,0.0626665353775024,55.73951721191406,9.788339957594872e-05,0.0003814478404819,8.468865416944027e-05,0.0003815409727394,0.0004662256687879,300.6239438264266,-2.007279545068741e-05,-1.650411286391318e-05,-8.940318366512656e-06,5.165944457985461e-06,-6.481190212070942e-06,8.572387741878629e-06,-2.825050614774227e-05,-1.0460265912115574e-05,1.6293837688863277e-05,4.0612416341900826e-05,8.449633605778217e-05,8.965330198407173e-05,7.68774189054966e-05,7.256818935275078e-05,8.800812065601349e-05,8.99414299055934e-05,8.377945050597191e-05,7.922016084194183e-05,7.408112287521362e-05,6.277009379118681e-05,5.386467091739178e-05,0.0455335229635238,0.2180132567882537,0.9002955534961075,4.168550420552492,19.307712450623512,88.4387435913086,96.83338929712772,98.77053828537464,87.9391322657466,78.38934440910816,63.18922424316406,63.700660705566406,82.33828735351562,81.55441284179688,91.509521484375,90.41908264160156,87.18791961669922,85.05793762207031,84.1251449584961,82.92405700683594,79.4371642768383,304077.912109375,258631.330078125,233050.333984375,201957.197265625,182171.248046875,162279.0,139419.080078125,121820.26171875,107257.78125,94767.89453125,74012.1474609375,57086.0751953125,42797.2109375,30370.701171875,19334.19775390625,14255.83203125,9427.1259765625,7095.9765625,4817.443359375,2590.35107421875,414.51953125,-0.0007596015930175,-0.0049888491630554,-0.000715434551239,-0.0063279271125793,-0.0013576745986938,-0.0262805819511413,-0.0668277740478515,-0.4021327495574951,-0.4810795783996582,-0.3304123878479004,-0.0618443489074707,-0.1105146408081054,-0.142892837524414,-0.2460832595825195,-0.3728599548339844,-0.3040904998779297,-0.1435904502868652,-0.0664052963256836,-3.228591356011648e-08,4.02539340552709e-07,-1.8098414711503568e-06,1.4166716664191672e-06,2.743164069287504e-07,4.20059789319469e-07,324.951205787817,348.6341634172622,345.3181020016492,342.2741472711207,336.9791171441929,331.8223637545257,329.08925667442224,329.2584261914012,323.4117790396283,321.4590107771371,19.009081148847752,14.95554004156676,19.23993542046514,15.256713559492626,0.6122844453946459,293.5882434132683,301.41801610922914,0.00016014599453858814,0.0206299223840484,0.07312771492479253,0.017850598853653397,-1.5098246054035993e-08,2.1085085123159085e-07,0.0028845930000558433,-3.421094840492945e-05,1019.9049046939834,2640952051.253112,2739981506.3900414,2624313540.514523,2740521351.966805,-0.19642917743856977,515.7491571576763,-2.766421926497671e-05,-71.69538746434128,-71.46635215411048,-73.50688354998704,-5.4560354389095705e-05,-257278.82987551868,-264623.85062240664,0.015996489782056374,39.59922078956707,5.0332938239782184e-05,1.9628322718054427e-05,4.448379965738637e-05,1.936062737619234e-05,6.384844601896294e-05,301.0411418580789,-1.6085355478837405e-05,-1.691184110487367e-05,-7.291037262769037e-06,-2.0045456447526504e-07,-4.365398737899495e-06,-1.2827268004595182e-05,-2.800428436072041e-05,-3.4063577234621364e-05,-2.282995081417788e-05,-1.7776467964918783e-05,-1.3500481990795908e-05,-7.913838221819075e-06,-2.5190952083258215e-06,1.5051370772583357e-06,4.7450402125530716e-07,8.930861795344293e-07,1.5851825135624755e-06,1.7192543202168715e-06,1.4812559955965929e-06,1.4208581808691697e-06,1.610596799504213e-06,0.04640936993711717,0.2364029071885026,0.9566877675996281,4.589347761263491,17.949669845618647,90.9222442173859,66.1857256829986,68.3561132666481,53.38173483961351,41.67534863355249,28.793487042312307,30.44012941859075,47.15741751550144,59.615675134777526,62.31052287386661,61.95610141358435,66.08157605056446,67.77370443383688,70.7060435110108,71.15597336321946,67.34937909332054,304001.5696317427,258583.13187240664,233071.8510114108,201973.64587655602,182134.8840767635,162181.55938796682,139251.11320020747,121683.91882780084,107209.01620850622,94809.47685425311,74169.59977956432,57290.07065287863,43023.56439639523,30641.033195020747,19656.01627334025,14581.473936721992,9743.34770487552,7406.035695182832,5121.576982300311,2888.9658527295123,708.9892456561204,-0.0015104917569773821,0.00047432584881287887,-0.0021794811818609595,-0.007308215768505428,-0.007014042114321127,-0.0023634841827930753,-0.013416654341448392,-0.025651927805540473,-0.01432657835394515,-0.013620978074449721,-0.031443857058449896,-0.0347686545977454,-0.04766173778233192,-0.05243147458278292,-0.05533716193867917,-0.05036794100559599,-0.05026075750960354,-0.0553170318920088
34,998.388125,12.302149772644045,6.834935629740357e-05,3.212259252904914e-05,-1.5738274669274688e-05,3.6057429042557487e-06,7.297550837392919e-06,2.1362061488616746e-06,334.57354736328125,349.973388671875,347.02740478515625,345.8930358886719,341.7502136230469,338.1041259765625,335.9585266113281,338.6803894042969,332.1064758300781,328.6041564941406,13.212738037109377,9.775801658630373,13.34832763671875,9.931050300598145,1.3377339839935305,295.59810638427734,299.06143951416016,0.0003654155880212,0.2076044082641601,0.2039970159530639,0.332982063293457,5.750611308030784e-06,1.0691583156585691e-06,-0.0001984387636184,-0.000400555320084,186.81640625,2640514048.0,2777431040.0,2625736064.0,2778205312.0,-1.1201553344726562,348.0517578125,-5.0750706577673554e-05,-4.16558837890625,-129.17132568359375,-8.8544921875,-0.0003111595287919,-465018.25,-31874.5,0.0759075880050659,54.74874114990234,0.0001292861998081,0.0002568527124822,0.0001015069428831,0.0003003487363457,0.0004018596373498,300.590087890625,-2.1303771063685417e-05,-1.877063186839223e-05,-6.8277440732344985e-06,3.5768316593021154e-06,2.0657898858189585e-07,9.118550224229692e-06,-3.0045106541365385e-05,-8.536851964890957e-06,3.2317591831088066e-05,5.8038742281496525e-05,8.404057007282972e-05,7.317878771573305e-05,6.937002763152122e-05,6.150000263005495e-05,8.218339644372463e-05,8.694070857018232e-05,8.181692101061344e-05,7.80720729380846e-05,7.328949868679047e-05,5.771499127149582e-05,4.711293149739504e-05,0.0469989851117134,0.2269014267949387,0.8774005174636841,4.961910724639893,20.66508102416992,98.972709774971,99.30472560226916,97.33670043945312,82.71253967285156,69.96409590542316,57.522775545716286,63.613115292042494,80.522301197052,80.34170499444008,90.2538833618164,87.63321681320667,84.08621215820312,82.77263641357422,82.4148332029581,81.84334564208984,79.70065307617188,303967.0546875,258459.673828125,232886.076171875,201817.861328125,182143.3984375,162323.048828125,139412.970703125,121824.943359375,107265.54296875,94774.0595703125,73981.958984375,57034.560546875,42736.3759765625,30301.9833984375,19259.7998046875,14178.73876953125,9344.49853515625,7010.41015625,4729.22900390625,2500.293701171875,325.874267578125,-0.0013624131679534,0.0015827417373657,0.0033327639102935,-0.0059928297996521,-0.0032388567924499,-0.0301495790481567,-0.0436556339263916,-0.3032431602478027,-0.3956160545349121,-0.3174519538879394,-0.24302339553833,-0.3377885818481445,-0.2740373611450195,-0.3286333084106445,-0.2964048385620117,-0.2247943878173828,-0.1151986122131347,-0.0566949844360351,-8.307802213398911e-07,-2.5092501848117884e-07,-3.891357970143604e-06,9.353307910437906e-07,8.177507074673804e-07,1.1642523399870975e-06,324.12075083087586,348.5812160602744,345.2076945245513,342.23920402685144,336.55580683664664,331.3972595578902,328.44886089657354,328.2969791839726,322.4676692376988,320.95621417666865,19.987632908143443,15.011670799995482,20.15805805517801,15.377004016816802,0.5665393470289211,293.0005062625616,301.59771361291655,0.0001413652758380684,0.021904988902238395,0.06941022121065385,0.020491825594446966,1.4009756756815056e-07,2.1449498894056344e-07,-0.000804634262417362,-1.6516685114856576e-05,-202.0338109439834,2638925451.153527,2737255397.4439836,2622398960.06639,2737800037.975104,-0.03510198949283584,428.0352048755187,-2.439545092648243e-05,-33.25493549014523,-64.35473024993517,-46.1988915407806,-9.750336779598378e-06,-231676.77593360996,-166316.12863070538,0.018099258549480517,39.31949930764827,3.7768260571966526e-05,1.9781198739016203e-05,3.926891879916686e-05,1.9078865585485435e-05,5.835189611585308e-05,301.0504599649859,-1.7117249056758722e-05,-1.654541699594482e-05,-8.092994820539109e-06,-2.0447178672288092e-06,-3.046783158764305e-06,-1.3750983127759947e-05,-2.9761348058821255e-05,-3.289124789296097e-05,-2.4930310253965904e-05,-1.8314042039741125e-05,-1.3191781404787573e-05,-7.580745486055667e-06,-2.768226895342229e-06,8.777010011104133e-07,1.2245597279170737e-06,1.317263035977035e-06,1.3026942139591914e-06,1.2920323094639046e-06,1.095140669726732e-06,1.5271593781798706e-06,1.7775692184807353e-06,0.04737914897717876,0.21634599501924026,0.9407190114136059,5.133059372422111,20.67470143741592,96.05164494257251,67.72934833008225,67.99537981941492,51.53739958581093,39.91788011715125,29.294981628285402,31.145629530378397,46.64507516711579,59.2636782302525,61.380766336353986,61.679836305592566,61.868502984897724,62.97278375497003,67.13238544607559,67.79206074125045,64.71007216867075,303893.1448392116,258483.0854512448,232892.0018153527,201847.10697614108,182105.4091026971,162194.35075207468,139256.09984439833,121677.08363589212,107190.68257261411,94782.70610736514,74129.42245850622,57234.17724001556,42950.744553941906,30555.295659362033,19559.979625907676,14477.733110736515,9629.418244294606,7286.867657546681,4997.961091480809,2761.879427961294,579.6996898097121,-0.0009473940643532148,0.0015321230492651215,0.0025778524113888564,-0.0018192030087546193,-0.005275005621534165,0.0010964069129025787,-0.013420749996707648,-0.03138502999460054,-0.024343466857656898,-0.016909413317921746,-0.020572397224141354,-0.008830759040547604,-0.014823502030115404,-0.021196887700884175,-0.01887311974996353,-0.01404315505284986,-0.016976047848270146,-0.02400798322748841
35,1000.5675,13.596095085144045,7.703466690145433e-05,4.54213259217795e-05,-5.477450031321496e-06,-3.0110404622973874e-06,6.326309176074574e-06,-1.3655815564561635e-05,331.34625244140625,350.121826171875,347.4307556152344,345.88043212890625,342.0379638671875,337.6143798828125,335.5115661621094,338.0455017089844,331.67071533203125,328.25347900390625,13.174938201904297,10.05515480041504,13.783235549926758,10.544513702392578,1.2900396585464478,295.7277908325196,298.6459732055664,0.0004699975252151,0.2262158393859863,0.2134954929351806,0.2976045608520508,6.065703928470612e-06,-9.607174433767796e-07,-0.0033986121416091,-0.0004073744639754,-1026.87109375,2640230656.0,2775911424.0,2624116096.0,2776614144.0,-1.3070297241210938,531.40380859375,-3.636811743490398e-05,2.74322509765625,-90.9449462890625,0.19476318359375,-0.0003630500286817,-327397.5,699.75,0.1164685487747192,54.255462646484375,0.0001281513832509,0.0002391245216131,0.000130551867187,0.0002377294003963,0.0003682784736156,300.55392295435854,-2.3314205463975668e-05,-1.875619636848569e-05,-1.157588849309832e-05,1.6090634744614365e-06,5.5677228374406695e-06,-1.8303252318219163e-06,-2.103071892634034e-05,-8.867878932505846e-06,2.8113368898630146e-05,6.073818076401949e-05,7.691758219152689e-05,7.015024311840534e-05,6.653252057731152e-05,6.336078513413668e-05,7.835892029106617e-05,8.514884393662214e-05,8.258013986051083e-05,7.674330845475197e-05,6.700609810650349e-05,4.948489367961884e-05,3.832508809864521e-05,0.0530761145055294,0.1830323338508606,0.7936267852783203,4.844514846801758,19.543365478515625,110.25111389160156,98.91727447509766,98.23247524350882,75.69193267449737,60.87513733282685,51.99826788529754,61.8682003878057,83.04959124326706,80.52568857371807,89.24459840357304,86.38581848144531,85.08521270751953,84.62743380665779,84.0974578410387,83.53551477193832,82.86130522191525,304131.904296875,258711.5546875,232967.595703125,201833.734375,182152.857421875,162315.587890625,139440.95703125,121875.140625,107329.625,94849.4013671875,74064.1572265625,57125.1806640625,42839.048828125,30411.87451171875,19373.13037109375,14292.25244140625,9459.3115234375,7126.97509765625,4847.6142578125,2620.005859375,448.82275390625,-0.0002256631851196,0.0048080384731292,0.005371868610382,0.0059042572975158,0.003563106060028,-0.005857229232788,-0.0239534378051757,-0.2930974960327148,-0.416959285736084,-0.3777627944946289,-0.3182506561279297,-0.308267593383789,-0.2517347335815429,-0.257725715637207,-0.2081661224365234,-0.1925535202026367,-0.0991268157958984,-0.0367431640625,-1.988015373166792e-06,-1.64711537732042e-06,-5.596529489679779e-06,-3.6117851586976876e-07,6.652954431670636e-07,2.2128457215054897e-06,322.74686579704286,348.59590249856313,345.05871177514393,342.08246030807493,336.30276656945546,331.03275310993195,327.8309696118037,327.3460221529007,321.6587307135264,320.57084041436514,20.229956477632125,15.309940108866432,20.228653515626988,15.463908807436626,0.5769363094518364,293.4359100341797,300.5058949788411,6.187198062737783e-05,0.02001341978708903,0.06815179189046223,0.022832330067952475,-3.9864486704270045e-08,4.185712896287441e-07,-0.002011615037918091,-1.0655572017033895e-05,-656.8802083333334,2641720917.3333335,2739488512.0,2625324979.2,2740047872.0,-0.025878397623697917,542.7622721354167,-1.9598129438236355e-05,0.7353963216145833,-52.34803059895833,-0.006815592447916667,-7.183601458867391e-06,-188451.65,-24.15,0.02018849054972331,39.094539896647134,1.915472870071729e-05,1.9780298074086508e-05,1.718768229087194e-05,2.1725955108801523e-05,3.891518960396449e-05,301.06052717716256,-1.7465705362459023e-05,-1.566394930705428e-05,-8.550124281706909e-06,-2.703355858102441e-06,-3.094679171529909e-06,-1.3822450030905505e-05,-2.8454865484188e-05,-3.30573491131266e-05,-2.483469434082508e-05,-1.8044219662745793e-05,-1.245855043331782e-05,-7.590247939030329e-06,-3.870824972788493e-06,2.5184514621893566e-08,1.6563494379321733e-06,1.2719538062810898e-06,1.1670092741648356e-06,1.0080480327208838e-06,6.863536934057872e-07,9.941946094234785e-07,1.3131415471434592e-06,0.04855878218368161,0.20771520535151164,0.8352121353149414,4.8456275939941404,21.758971150716146,95.75877583821615,67.34957308173179,66.99941512147585,49.636647016555074,37.521171139429015,28.85167950938145,30.33142384638389,46.081671478350955,59.39491782362263,61.607164245595534,60.73523660848538,61.21638308266799,62.87206945493817,67.75331584016482,71.58603866919876,69.02747754976153,304009.4630208333,258681.08463541666,233001.10963541668,201878.40846354168,182141.78619791666,162230.12486979167,139291.00377604167,121717.52721354166,107236.637109375,94832.06009114583,74190.51451822916,57303.22552083333,43024.51171875,30635.893619791666,19647.100911458332,14565.453743489583,9718.17275390625,7376.6908203125,5089.401334635417,2855.6912760416667,675.4709635416667,0.001020720601081848,0.0008262077967325847,0.003199203809102376,0.005161865552266439,0.0027718901634216308,0.002322530746459961,-0.007935301462809245,-0.014686902364095053,-0.0017462412516276041,0.004024028778076172,-0.009313138326009114,-0.004245567321777344,-0.009792518615722657,-0.013271586100260416,-0.011148643493652344,-0.002022425333658854,0.0011674880981445313,-0.000396728515625
36,1003.009375,14.18544101715088,5.224041160545312e-05,2.57278879871592e-05,-9.82752681011334e-06,-1.4698740415042266e-05,1.357626388198696e-06,-5.790893283119658e-06,331.79315185546875,350.2032470703125,347.2246398925781,345.2056579589844,340.8418273925781,336.282958984375,335.3269958496094,336.9009704589844,331.3896179199219,327.7713317871094,10.934988021850586,9.268721580505373,11.572772979736328,9.98492431640625,1.323644995689392,295.61368560791016,298.15504455566406,0.0004600565880537,0.2325159311294555,0.2473165988922119,0.3141751289367676,5.396839696913958e-06,-1.4663091860711577e-06,0.0005302876234054,-0.0004123765975236,234.95703125,2636165120.0,2768923776.0,2616815360.0,2769547904.0,-1.7916717529296875,633.87255859375,-2.817236236296594e-05,3.89617919921875,-69.2518310546875,1.10540771484375,-0.0004976959899067,-249298.0,3978.5,0.1450644731521606,53.087146520614624,0.000183820258826,0.0003477311693131,0.0001277944538742,0.0003074835985898,0.0004352713003754,300.56317564498545,-2.6340479962527752e-05,-1.5828176401555538e-05,-1.3227778254076838e-05,3.2908719731494784e-06,7.600043318234384e-06,-7.237773388624191e-06,-2.4535285774618387e-05,-2.4267355911433697e-06,2.8382346499711275e-05,5.128583870828152e-05,6.488733924925327e-05,6.499688606709242e-05,6.041582673788071e-05,6.172456778585911e-05,7.365911733359098e-05,7.787265349179506e-05,8.135847747325897e-05,7.624318823218346e-05,6.975885480642319e-05,5.5889831855893135e-05,4.075758624821901e-05,0.0518788509070873,0.1781581342220306,0.7096065282821655,4.375446319580078,19.94939613342285,109.69294074177742,95.94342033565044,97.7802734375,70.1031265258789,51.47913861274719,44.353591576218605,55.892035856843,83.30627474188805,81.09120178222656,88.33087156713009,86.3948745727539,85.77436828613281,85.53056335449219,85.13758856058121,84.86088562011719,84.67412567138672,304216.388671875,259031.611328125,233218.615234375,202031.845703125,182301.458984375,162371.576171875,139505.435546875,121957.38671875,107419.26171875,94947.59765625,74178.015625,57241.5224609375,42968.8427734375,30546.0576171875,19506.630859375,14425.26171875,9594.119140625,7263.51318359375,4986.474609375,2761.628662109375,595.376708984375,0.0011715292930603,-0.0028333961963653,0.0001721084117889,0.0021979212760925,-0.0092520117759704,-0.0061261057853698,-0.0151543617248535,-0.3373956680297851,-0.3744516372680664,-0.3049640655517578,-0.2635955810546875,-0.2629098892211914,-0.2789793014526367,-0.2854909896850586,-0.2699575424194336,-0.260965347290039,-0.1557168960571289,-0.0835084915161132,-1.4316762115687426e-06,-1.4163366675925393e-07,-5.417772060521127e-06,-5.562303338349317e-07,1.593315104874307e-06,1.5901601214935698e-06,322.3488726723074,348.8373763750333,345.0276304386408,342.1468413305418,336.3716265580599,330.7934523562503,327.39625254074014,326.8795601271499,321.4684078814724,320.60455796072506,20.180520807116935,15.70519701085236,20.14911260921436,15.64988249480759,0.6485260047937099,293.7317293412458,299.4075008408163,7.95944597711207e-05,0.015895637733807703,0.06413870530504409,0.017707729735315092,3.1540726786827153e-07,5.041189198053724e-07,0.00019211739425342608,7.816462843249942e-07,128.80191584543567,2642886693.1784234,2738981652.182573,2625675419.0871367,2739557280.39834,-0.04649821554476789,654.334705653527,-1.7628548048529388e-05,2.7183650479771786,-47.7138074186333,2.6217339859958506,-1.2914051158794229e-05,-171771.60580912864,9438.680497925312,0.02297386391034265,38.425484067671526,2.0434809423581198e-05,1.639634741787099e-05,2.211012348099863e-05,1.9520119265402007e-05,4.1624940777220666e-05,301.07554674260024,-1.775730532667449e-05,-1.5508594122788718e-05,-8.9612912388588e-06,-1.6019688421643931e-06,-3.3678281767278354e-06,-1.5202482570063214e-05,-2.7385456255671888e-05,-3.44501611200853e-05,-2.4186926449482867e-05,-1.5843993910739037e-05,-1.0810067869444605e-05,-7.559812948478702e-06,-4.766043275594711e-06,1.7909410398036118e-07,1.0319913957747186e-06,1.1290479605994283e-06,1.379215309234081e-06,8.35181874729291e-07,4.738538344371368e-08,-5.439928582100453e-08,6.1902712211322e-07,0.0470523609107368,0.21021728928653036,0.761694531068515,4.320269604441536,20.148973158780965,93.83230391181851,67.88881420297741,64.82064391666428,46.08340153357795,34.2881801234736,28.02254462662574,28.800905225682556,43.77883699919673,59.22109509231639,61.91549590019764,60.53813777128196,61.08172229068408,62.957025108495685,69.052819669494,75.44347903936236,73.1516403756201,304221.2575207469,258924.45656120332,233212.35879149378,202019.81522302906,182214.49623962655,162265.3581431535,139328.46265560167,121765.13744813278,107289.33772043568,94889.19197354771,74264.8211229253,57389.79951698652,43120.44177904564,30745.476367997926,19767.70017505187,14689.763550311203,9846.714341286308,7508.034971878242,5224.194052288641,2994.5936983353863,817.9075699802256,0.0009871219203679887,-0.0003588147677821242,0.001065727833395677,0.0015398904495714117,0.0033251116384609113,0.000133048201992304,-0.012268592707843702,-0.009056213980393786,0.0019289190838445765,0.004230348895694211,-0.017028681964795126,-0.01993101365338717,-0.02800120357655885,-0.01834242967154475,-0.02289404809722267,-0.019254225418280764,-0.010770679014846992,-0.009216933824214698
37,1002.793125,13.296936988830566,5.141957808518782e-05,1.864139994722791e-05,-7.762995664961636e-06,-1.6243056961684488e-05,-9.020387778946316e-07,7.4251051955798175e-06,336.1763610839844,350.78338623046875,347.2373352050781,345.06689453125,340.73809814453125,337.47900390625,335.9130249023437,336.5882568359375,332.44921875,329.278076171875,9.55552101135254,8.2145414352417,9.937505722045898,8.679730415344238,1.3640191555023191,295.8014831542969,298.15872955322266,0.0005441987887024,0.2102605104446411,0.2155239582061767,0.3146820068359375,1.8130522221326828e-06,7.974449545145035e-09,0.0014712214469909,-0.0005373042076826,391.64453125,2640484608.0,2776137856.0,2624357376.0,2776739200.0,-1.8580207824707031,656.29150390625,-3.349783946759999e-05,0.627197265625,-82.03271484375,2.09747314453125,-0.0005161091685295,-295315.25,7551.75,0.0941481590270996,54.24440364539623,0.0001635807566344,0.0003962852060794,0.0001511662267148,0.0003839791752398,0.0005351407453417,300.55392295435854,-2.3842789232730865e-05,-1.405482180416584e-05,-1.1578129488043489e-05,5.256239091977477e-06,1.5508121578022838e-06,-8.259856258518994e-06,-2.3784406948834658e-05,-1.5500583685934544e-05,2.06121476367116e-05,3.613077569752932e-05,6.112782284617424e-05,6.566557567566633e-05,5.7395314797759056e-05,6.580387707799673e-05,7.886684034019709e-05,8.320622146129608e-05,8.330470882356167e-05,8.03614966571331e-05,7.243757136166096e-05,5.6666089221835136e-05,4.42329328507185e-05,0.0379990972578525,0.206205815076828,0.7971594929695129,4.136894226074219,22.224803924560547,109.74459168314934,96.92587281763554,94.3107223585248,62.18330383300781,46.83715534210205,50.108924865722656,63.73430019617081,83.49987030029297,82.19583886861801,90.47718818485735,87.94797511398792,86.93217468261719,87.40528869628906,87.44078063964844,87.13985449075699,85.45472717285156,303993.767578125,258759.310546875,233052.119140625,201876.0625,182101.619140625,162195.384765625,139346.54296875,121801.76171875,107281.548828125,94819.5517578125,74065.6884765625,57144.677734375,42873.9541015625,30454.880859375,19430.71484375,14354.732421875,9526.1552734375,7196.73974609375,4920.67236328125,2696.2978515625,527.368896484375,0.0021003633737564,-0.0035671889781951,-0.0032076835632324,-0.0012412667274475,-0.005713403224945,0.0014116168022155,-0.0473296642303466,-0.3232383728027344,-0.2986555099487304,-0.2435779571533203,-0.26837158203125,-0.34228515625,-0.3966493606567383,-0.4075956344604492,-0.3862743377685547,-0.3322134017944336,-0.1744709014892578,-0.090792179107666,-2.083754184978535e-06,3.930514776908968e-07,-4.943118735194439e-06,-1.526908902268568e-06,1.6789653483922917e-06,2.003078934236883e-07,325.78364878495535,349.11133097807567,345.0580464522044,342.24925379753114,336.6108263254165,331.0013865073522,327.5573654651642,327.3172827879588,322.1589387098948,321.06866978009543,19.72811951970992,15.74905205865701,19.682572706206702,15.594669963636743,0.6418443601651234,294.0676518758138,298.4825927734375,8.604687949021657e-05,0.014778351783752442,0.06198642253875732,0.011884466807047526,4.4595993434389435e-07,3.0614513282974564e-07,0.0010279268026351929,1.5290826559066774e-05,459.5671875,2640932334.9333334,2738212343.4666667,2624511402.6666665,2738744029.866667,0.014453125,714.8747721354167,-1.7477108243231973e-05,1.7633870442708333,-44.361673990885414,1.8165812174479166,4.0118272105852766e-06,-159701.76666666666,6539.933333333333,0.019095524152119955,38.89938675810893,2.1144654601812364e-05,1.4650697509447734e-05,2.3902906104922294e-05,1.2872150788704554e-05,3.6766504247983294e-05,301.06052717716256,-1.8578694046785434e-05,-1.4961309110124906e-05,-8.135571260936558e-06,-3.785515824953715e-07,-3.1959236366674306e-06,-1.530201892213275e-05,-2.5749711009363335e-05,-3.492428610722224e-05,-2.2250673888872068e-05,-1.3687477136651676e-05,-1.005474478006363e-05,-7.139976757268111e-06,-3.986689262092114e-06,1.110780673722426e-06,1.9452224175135295e-07,5.430309101939202e-07,1.1942116543650628e-06,4.4338715573151905e-07,-8.307319755355517e-07,-8.141699557503065e-07,-2.2879491249720255e-07,0.04578769119786254,0.2174231231212616,0.7537061518834283,4.355193201700846,19.558898162841796,94.66840169231097,67.33832984467348,63.63391704261303,46.049452651292086,33.27709914346536,29.753612772623697,29.74219113836686,45.47347089250882,59.891571678221226,62.75922928849856,62.46399712860584,63.60503032207489,66.04694533248743,73.74472051213185,80.44300248424211,77.77054034123817,303955.0579427083,258695.96041666667,233023.57591145832,201855.52890625,182043.39348958334,162101.42005208333,139166.62838541667,121612.2421875,107146.33098958334,94752.65970052083,74145.61145833334,57287.22805989583,43028.980078125,30661.465755208334,19689.611555989584,14614.944889322916,9776.733463541666,7441.588216145833,5161.698958333333,2935.8347330729166,762.220068359375,0.0006564150253931682,-0.00042762358983357746,-0.0002828101317087809,-0.0002853711446126302,0.00022033452987670898,-0.004922799269358317,-0.01212902069091797,-0.009755833943684896,-0.004307301839192709,-0.0030096689860026043,-0.025570487976074217,-0.02878405253092448,-0.033959515889485675,-0.006005859375,-0.014438692728678386,-0.01514892578125,-0.00788103739420573,-0.0068391164143880205
38,1000.68,12.367274284362791,3.323522105347365e-05,2.750498242676258e-05,-1.2031746337015647e-05,-2.1323790861060843e-05,-2.8138670131738763e-06,1.919841452036053e-05,334.0594787597656,350.41802978515625,347.26678466796875,345.0902099609375,339.7756652832031,338.6536865234375,336.83355712890625,337.48455810546875,331.1610717773437,328.369384765625,9.087217330932615,9.016316413879396,9.871027946472168,9.73596477508545,1.078247308731079,295.4204635620117,297.9096450805664,0.0010128207504749,0.2838917970657348,0.2063028812408447,0.2869725227355957,2.507120370864868e-06,-6.37490302324295e-07,-0.0004492849111557,-0.000741446390748,-104.12109375,2637314304.0,2773660288.0,2621198208.0,2774260864.0,-2.098705291748047,673.486328125,-3.184133674949408e-05,-1.90399169921875,-84.64013671875,-1.94769287109375,-0.0005829744040966,-304705.0,-7012.75,0.0769715309143066,54.520904541015625,0.0003207353875041,0.0002882326953113,0.0002813376486301,0.0002882974222302,0.0005696406587958,300.1593724300987,-2.026703441515565e-05,-1.3686250895261765e-05,-8.731018169783056e-06,4.011919372715056e-06,-2.4881010176613927e-06,-8.6526561062783e-06,-3.3216667361557484e-05,-1.6479461919516325e-05,1.9848463125526905e-05,3.170815762132406e-05,6.838206900283694e-05,6.420351564884186e-05,6.103701889514923e-05,7.642863783985376e-05,8.099968545138836e-05,8.660543244332075e-05,9.030953515321016e-05,8.932838682085276e-05,8.031667675822973e-05,6.394158117473125e-05,4.801806062459946e-05,0.0403254926204681,0.2404367437120527,0.724547803401947,4.363470050506294,26.413652434945107,109.8317646086216,95.38768768310548,96.59134674072266,63.335105895996094,49.16201695799828,48.3491081148386,66.47993477061391,84.5963363647461,86.07963562011719,88.52962493896484,86.1539306640625,87.3200454711914,89.50070956349373,90.71988677978516,88.97201544046402,87.40275573730469,303870.92578125,258557.26171875,232911.17578125,201753.611328125,181988.732421875,162140.86328125,139288.05859375,121736.912109375,107224.5029296875,94754.123046875,73960.68359375,57026.333984375,42767.3828125,30370.7373046875,19358.380859375,14278.8388671875,9445.09033203125,7113.7333984375,4837.10986328125,2613.025146484375,445.087890625,-0.0024529695510864,-0.0006485879421234,0.0013880133628845,0.0038323998451232,-0.0072061419486999,-0.0069566965103149,-0.1070339679718017,-0.437777042388916,-0.4837007522583008,-0.4382047653198242,-0.4738073348999023,-0.5487585067749023,-0.5428619384765625,-0.5373783111572266,-0.3837547302246094,-0.3009757995605469,-0.153233528137207,-0.0729579925537109,-2.5285600373301747e-06,-6.323469442509958e-07,-4.284383349776287e-06,-2.225243340693321e-06,5.652762129423894e-07,-4.976109763916414e-07,328.41046714782715,349.3241695245107,345.35525500774384,342.4780929803848,336.74272813796995,331.28883034388224,328.00880743662515,328.08922572135924,322.48749572436014,321.0450102090836,19.48485152501768,15.766162343230098,19.496685030544175,15.659357520053163,0.6168089959958404,293.93800354003906,297.741416422526,7.436250646909078e-05,0.009927201271057128,0.051699558893839516,0.008008702596028646,4.405466218789419e-07,2.179488850136598e-07,-0.0005339850982030232,2.0938242475191752e-05,-88.05364583333333,2638072644.266667,2733669017.6,2621657019.733333,2734209638.4,0.08062973022460937,764.4784830729167,-1.579482923261821e-05,1.7097208658854166,-43.80782470703125,1.2249308268229167,2.2395762304464976e-05,-157707.91666666666,4409.85,0.015245842933654784,38.22621972622971,2.137726793686549e-05,1.679655785361926e-05,2.065643978615602e-05,1.5397338817516962e-05,3.6051031202077866e-05,301.10406570118,-1.8597619297603767e-05,-1.4438208503027757e-05,-8.717581901388863e-06,3.203216086452206e-07,-3.700906139177581e-06,-1.6219407552853226e-05,-2.676773195465406e-05,-3.8040576813121635e-05,-2.433070136855046e-05,-1.476049656048417e-05,-1.1044329342742761e-05,-7.374212145805359e-06,-3.2015300045410793e-06,1.9253153974811235e-06,-3.695022314786911e-07,-2.57402037580808e-07,9.17275125781695e-08,-5.182034025589625e-07,-1.5494491284092267e-06,-1.1250454311569533e-06,-3.018959735830625e-07,0.044336837530136106,0.22529519419185817,0.7654057572285334,4.491863155489167,19.47869982222716,97.05536569158237,67.25921808133522,61.686623636881514,44.85304616292318,32.272126118838784,27.008829047282536,28.854111210256814,44.50614550213019,58.75875545193752,61.35433400770028,61.86006063967943,64.92066752413909,68.90710619936387,76.40543370321393,82.63798885643482,80.59601643880208,303691.289453125,258527.35234375,232882.40755208334,201757.987890625,181959.0765625,162011.80260416667,139075.005078125,121509.42408854167,107050.194921875,94658.2662109375,74055.23899739583,57207.23248697917,42960.07220052083,30603.896809895832,19640.74326171875,14568.878157552082,9733.930143229167,7401.085611979167,5123.709895833334,2900.228759765625,729.03740234375,0.000608903169631958,-0.001125804583231608,-0.0007948855559031169,0.0013656735420227051,0.0014560619990030925,0.0007390062014261882,-0.00647279421488444,-0.0011606216430664062,0.013359928131103515,0.023907788594563804,-0.002089564005533854,-0.009217770894368489,-0.02310918172200521,0.006921259562174479,-0.003653844197591146,-0.003759002685546875,0.009977277119954426,0.013522847493489584
39,1001.320625,11.38127613067627,1.0826324796653353e-05,1.8733213437371887e-05,-9.771767508937046e-06,-1.4182554878061636e-05,2.7653331926558167e-06,9.642159056966191e-06,330.3656311035156,349.60382080078125,346.2779846191406,344.33477783203125,339.39111328125,338.7716064453125,338.33428955078125,338.289794921875,331.26092529296875,327.5892333984375,10.650779724121094,10.261798858642578,11.711308479309082,11.330480575561523,0.9490370154380798,295.29644775390625,297.68663024902344,0.000718860886991,0.4049198627471924,0.2941340208053589,0.3558344841003418,5.282287020236254e-06,-1.6376725398004055e-06,-0.0031966567039489,-0.0006619691848754,-941.234375,2636952448.0,2772947840.0,2619600512.0,2773585152.0,-1.5303001403808594,487.791015625,-3.257783828303218e-05,-4.99237060546875,-77.23004150390625,-4.17828369140625,-0.0004250947386026,-278028.5,-15041.0,0.1116571426391601,54.381328865885735,0.0002138838171958,0.0002448759041726,0.0001996865030378,0.0002532070502638,0.0004528970457613,300.1063806870404,-2.3326720111072063e-05,-1.3398181181401014e-05,-4.908899427391589e-06,4.104411345906556e-06,-4.191664629615843e-06,-1.1373980669304729e-05,-2.8237758670002225e-05,-4.941597580909729e-06,2.2436666768044237e-05,3.3164164051413536e-05,6.444018799811602e-05,7.10075837559998e-05,6.564310751855373e-05,7.19960080459714e-05,8.486642036587e-05,9.388790931552649e-05,9.112944826483728e-05,8.653919212520123e-05,7.738335989415646e-05,6.330793257802725e-05,4.637427628040314e-05,0.0499988608062267,0.2477981150150299,0.7695336937904358,4.048732280731201,25.48025894165039,107.27448290586472,91.32189178466795,98.8628387451172,75.86351925134659,57.603469874709845,55.96443176269531,69.89045588672161,88.07968112826347,87.39339445531368,89.5079650580883,87.14903259277344,89.47727966308594,90.85831451416016,91.44690704345705,89.51139831542969,87.83244323730469,303743.650390625,258592.904296875,233018.44921875,201864.61328125,182033.3046875,162138.59765625,139294.537109375,121740.12890625,107222.8076171875,94761.2763671875,74002.982421875,57094.83203125,42861.453125,30488.94287109375,19489.0107421875,14417.0234375,9591.0419921875,7263.98486328125,4991.35888671875,2770.72998046875,607.12744140625,-0.0006166845560073,0.0032723248004913,0.0009610652923583,0.0046402812004089,0.0066767334938049,0.0160638689994812,-0.0957820415496826,-0.4851627349853515,-0.5741238594055176,-0.5417795181274414,-0.5780744552612305,-0.5298585891723633,-0.3776836395263672,-0.3636693954467773,-0.3120021820068359,-0.2465343475341797,-0.1094818115234375,-0.0332894325256347,-1.5739294821622431e-06,-4.287688010854695e-07,-4.178025503987747e-06,-2.2055261830637025e-06,2.3406976242106954e-07,1.652700445858857e-07,329.5199277559916,349.14054261843364,345.2313035726547,342.32729279994965,336.68310778141023,331.25254968802136,327.79638255437214,327.66690582434336,322.2446280558904,320.3783918937048,19.91660683802329,16.30834045796655,19.9749297588598,16.306732709473,0.5480298808632749,294.14664866129556,297.5709248860677,8.520521223545074e-05,0.008448513348897298,0.049316056569417316,0.003574117024739583,-2.3534133409460385e-07,1.3920168081919352e-07,-0.00241509477297465,1.134177049001058e-05,-812.05546875,2641668974.9333334,2736234035.2,2625351773.866667,2736790195.2,0.05640970865885417,720.6334635416666,-1.7272087279707194e-05,-0.10586344401041667,-45.10179443359375,0.78392333984375,1.566906770070394e-05,-162365.01666666666,2821.983333333333,0.012305927276611329,37.81400171928108,2.4194891254107156e-05,9.507592767477036e-06,2.3666303604841232e-05,1.0171470542748769e-05,3.384572143356005e-05,301.11109384864267,-1.683178124949336e-05,-1.375352730974555e-05,-9.695497768310209e-06,9.072973625734448e-07,-4.745850067896147e-06,-1.604628632776439e-05,-2.9469227107862632e-05,-3.987735059733192e-05,-2.5253777857869862e-05,-1.4362880028784275e-05,-1.1343008372932672e-05,-9.157205931842327e-06,-4.2262176672617596e-06,1.4646134028832117e-06,-1.5779398381710052e-06,-1.7848797142505646e-06,-8.947293584545454e-07,-1.0051609327395757e-06,-1.641882893939813e-06,-1.3596378266811372e-06,-5.300156772136688e-07,0.04503307826186453,0.23905521035194396,0.7922664238760869,4.285185147201021,19.338980356852215,93.67405275404454,66.96173655192057,58.089791869620484,42.18819023470084,29.919746110836666,25.453887939453125,27.71232944081227,43.65497528637449,56.985111888746424,59.898178451756635,62.61653137207031,67.06669006347656,71.17468930880229,77.61968803331256,84.19118448297182,82.38067830403646,303709.35013020836,258605.44440104166,233000.425390625,201877.20026041666,182052.85377604168,162094.444140625,139142.72109375,121579.60559895834,107124.41282552083,94735.54361979167,74133.67571614584,57294.436263020834,43058.233984375,30713.660611979165,19758.463834635415,14690.962044270833,9861.415364583334,7531.410904947917,5256.858821614584,3035.896451822917,866.5364908854167,0.0012015938758850099,-0.00032469034194946287,0.0005263129870096843,0.0016767144203186034,0.0021809895833333334,0.0017117738723754882,0.0021384080251057942,0.014783859252929688,0.035682264963785806,0.05412851969401042,0.03466383616129557,0.018924140930175783,-0.003443272908528646,0.018184725443522134,0.00958099365234375,0.012349828084309896,0.0301176389058431,0.03628619511922201
40,1003.835625,10.595592498779297,-2.2773429009248503e-06,1.7352052964270115e-05,-1.0138626748812383e-05,-9.181104360322934e-06,9.452814992982894e-06,4.309561518311966e-06,327.7332763671875,349.0136413574219,345.56109619140625,343.7408447265625,338.9332580566406,338.929443359375,338.9476318359375,338.6900939941406,330.7320251464844,326.8187255859375,12.37049674987793,12.301311492919922,13.384024620056152,13.449657440185549,0.8975378274917603,295.3591384887696,298.5432586669922,0.0005031200125813,0.2960104942321777,0.1908643245697021,0.3037233352661133,3.5534612834453583e-06,-3.6263372749090205e-07,0.001156136393547,-0.0002990057691931,559.22265625,2643497088.0,2777198976.0,2626116096.0,2777815296.0,-1.048583984375,465.02294921875,-4.202296258881688e-05,-21.54083251953125,-99.3690185546875,-19.63641357421875,-0.0002912711352109,-357728.25,-70691.75,0.0864620208740234,53.46393944323063,0.0001259902492165,0.0002337768673896,0.0001397526357322,0.0002290420234203,0.0003687813878059,300.1063806870404,-2.60454835370183e-05,-1.3581302482634784e-05,-8.819348295219243e-06,1.308959326706827e-06,-6.830057827755809e-06,-1.1901312973350286e-05,-2.650765236467123e-05,1.6315607354044914e-07,2.016295911744237e-05,2.97076185233891e-05,5.980115383863449e-05,7.763179019093513e-05,7.105071563273668e-05,6.596290040761232e-05,7.996719796210527e-05,8.698017336428165e-05,8.601683657616377e-05,8.131901267915964e-05,7.393432315438986e-05,6.538722664117813e-05,5.191646050661802e-05,0.0440019108355045,0.232858044677414,0.827105468371883,4.095470905303955,23.913795471191406,95.1523895263672,92.67255401611328,100.71444702148438,76.92158380150795,59.84873254597187,53.88696116954088,63.88029319047928,82.34750366210938,80.01181030273438,88.36206817626953,88.36888885498047,90.31297299265862,90.329345703125,89.7344970703125,86.989501953125,85.11502838134766,304179.587890625,258893.419921875,233252.392578125,202164.283203125,182335.724609375,162366.466796875,139474.3671875,121894.875,107382.4931640625,94928.841796875,74191.32421875,57292.59375,43049.267578125,30660.2626953125,19646.50439453125,14573.23291015625,9748.48388671875,7421.07177734375,5147.51708984375,2925.462158203125,759.994873046875,0.0017911344766616,-0.0020811557769775,-0.0031673312187194,0.0005133748054504,-0.0054426789283752,0.010322630405426,-0.0482425689697265,-0.3358235359191894,-0.3538761138916015,-0.2929439544677734,-0.2345724105834961,-0.1859025955200195,-0.1274538040161132,-0.1300363540649414,-0.2729043960571289,-0.2626533508300781,-0.157228946685791,-0.0889172554016113,1.3989273688966295e-06,-6.878837743159079e-07,-4.803019041804806e-06,-3.619827099495797e-06,-2.95022871766674e-07,1.7998295026909705e-06,330.40840071837107,348.65999584198,344.9938934087753,342.1764830907186,336.6884073813756,331.1079976081848,327.63677406311035,327.4697256565094,321.84856442610425,320.02747509479525,19.508621865681683,15.898632059343315,19.55275786262937,15.96289010781329,0.5082137308483652,293.97052001953125,299.78976084391275,8.226670324802398e-05,0.009509054819742839,0.04482627709706624,0.0030161221822102863,-2.5184514621893564e-09,1.1390851189692815e-07,-2.18808650970459e-05,-4.046472410360972e-06,6.530989583333334,2647660347.733333,2742321544.5333333,2631311778.133333,2742866235.733333,-0.000563812255859375,630.2914713541667,-2.298233836578826e-05,-49.38942057291667,-58.475341796875,-39.18446044921875,-1.5577922264734905e-07,-210511.26666666666,-141063.93333333332,0.009265724817911785,37.85228602091471,2.2193323820829393e-05,5.187901357809702e-06,2.2851241131623585e-05,4.7050416469573975e-06,2.7556437999010086e-05,301.11109384864267,-1.4979516466458638e-05,-1.355259446427226e-05,-9.243150513308744e-06,1.27906387206167e-06,-4.876424403240283e-06,-1.594569766893983e-05,-3.081050623829166e-05,-3.9411363347123066e-05,-2.591967349871993e-05,-1.448700592542688e-05,-1.0628152328232924e-05,-1.0326341725885869e-05,-4.7675489137570064e-06,1.3537860165039697e-06,-1.4044266814986864e-06,-2.093822695314884e-06,-1.128103273610274e-06,-1.0351883247494698e-06,-1.3005686923861503e-06,-1.2555314848820367e-06,-5.748743812243144e-07,0.04112245018283526,0.23455768185667694,0.7838551921769976,4.2427436510721845,18.5683581776917,91.11330800056457,64.97062632242839,57.15976098328829,40.166809831062956,28.93274402419726,24.30144450739026,25.977683214346566,42.57547065789501,55.52046470766266,59.632773335774736,63.340415954589844,67.26171653072039,70.68133951822917,75.65018310546876,78.95977681453029,74.48339994152387,304137.83229166665,258883.47747395834,233265.37239583334,202123.3828125,182276.15716145834,162293.3296875,139324.084765625,121751.02955729167,107292.762109375,94900.11634114584,74283.7080078125,57439.00345052083,43203.730794270836,30861.842513020834,19907.065266927082,14840.017447916667,10010.508658854167,7679.861686197916,5404.041959635417,3180.358251953125,1006.5248860677083,0.00013347168763478597,-0.0007810970147450765,-0.0014472047487894693,-0.0027547717094421388,-0.00034276247024536135,-0.0018218318621317545,-0.0019237518310546875,0.0033238410949707033,0.017863972981770834,0.037221209208170576,0.012205187479654949,-0.005183792114257813,-0.02047882080078125,-0.004114023844401042,-0.01743914286295573,-0.020525296529134113,-0.013181432088216146,-0.01077438990275065
41,1002.569375,10.759361267089844,-2.510141712264158e-06,1.253500704478938e-05,-8.929334398999345e-06,-1.6944015897024656e-06,1.1242328582738992e-05,8.083501597866416e-06,330.34393310546875,348.4679260253906,345.2474975585937,343.4439697265625,338.97857666015625,338.5677490234375,339.17486572265625,338.4515380859375,330.24481201171875,326.2044372558594,13.054603576660156,13.257966995239258,13.83437442779541,14.3113431930542,0.8846755623817444,295.2034683227539,298.7558898925781,0.0005278540775179,0.1827015876770019,0.2115058898925781,0.1656351089477539,1.5373807400465012e-06,-2.657179720699787e-07,0.0027903467416763,-0.000315137207508,1008.9765625,2638457728.0,2772043264.0,2621111296.0,2772598400.0,-1.157501220703125,410.8125,-4.474594607017934e-05,-24.8057861328125,-103.24139404296876,-26.74835205078125,-0.0003215093165636,-371666.0,-96293.0,0.0438262224197387,53.41754913330078,0.0001916140317916,0.0002178288996219,0.0001466292887926,0.0002307491376996,0.0003773774951696,300.1063806870404,-2.4182081688195467e-05,-1.283294113818556e-05,-9.300070814788342e-06,-2.526459866203368e-06,-8.527160389348865e-06,-1.0620380635373294e-05,-3.0705006793141365e-05,7.625087164342403e-06,2.361927181482315e-05,3.3043441362679005e-05,5.33111160621047e-05,7.543980609625578e-05,6.906711496412754e-05,6.315030623227358e-05,7.310044020414352e-05,7.743644528090954e-05,7.839733734726906e-05,7.820629980415106e-05,7.382640615105629e-05,6.33967574685812e-05,5.243706982582808e-05,0.0420528650283813,0.2354481673100963,0.8668563987594098,4.281307220458984,25.51122665405273,91.8536604642868,99.19537353515624,100.77488708496094,75.05540442466736,53.9542236328125,47.62390329316258,64.60143891721964,81.91680908203125,78.21797943115234,90.9343032836914,91.34556579589844,89.73001098632812,87.8433837890625,86.39375305175781,83.70709228515625,81.32243347167969,303856.8671875,258558.912109375,232975.78125,201931.7890625,182160.4453125,162330.3671875,139403.57421875,121795.01171875,107268.8095703125,94817.2060546875,74081.927734375,57169.62109375,42910.52734375,30510.501953125,19495.3583984375,14421.8720703125,9593.97900390625,7263.3564453125,4986.33056640625,2761.048828125,593.314453125,-5.9545040130615234e-05,-0.0042289793491363,-0.0027516484260559,-0.0087472796440124,0.0003771185874938,-0.0141904950141906,-0.04620361328125,-0.2574224472045898,-0.2824716567993164,-0.208714485168457,-0.0988702774047851,-0.10546875,-0.1920852661132812,-0.2378454208374023,-0.3532371520996094,-0.3052787780761719,-0.1730637550354004,-0.1073722839355468,3.6724126207733633e-06,-9.330487648313036e-07,-4.191429030854973e-06,-3.59297036897586e-06,7.364656254908499e-07,2.3148705908624992e-06,330.6328151226044,348.02688422997795,344.6762421131134,341.9007527430852,336.6118570327759,330.93245011965433,327.5131011644999,327.0195170402527,321.6127098242442,319.86417768796287,18.81986148543656,15.307113381451927,18.715835701107668,15.31516169165261,0.4618061186090926,293.3790959676107,301.213617960612,4.739010085662206e-05,0.007691001892089844,0.053201182683308916,0.0038194656372070312,6.915070116519928e-09,1.6600048790375392e-07,0.0025416513284047446,3.061816096305847e-05,956.0625,2642609373.866667,2736934698.6666665,2626297122.133333,2737472162.133333,0.0577239990234375,603.3774088541667,-2.5982692992935578e-05,-74.11587727864584,-67.01693522135416,-78.89718424479166,1.602905491987864e-05,-241261.18333333332,-284030.3,0.015059542655944825,37.71805013020833,1.2147209296623866e-05,3.7084644039471945e-06,1.316247507929802e-05,3.7146111329396565e-06,1.6883512338002522e-05,301.11109384864267,-1.4495915578057368e-05,-1.4162567094899713e-05,-9.280328716461858e-06,8.341439145927628e-07,-4.885962698608637e-06,-1.6455894607740142e-05,-3.0450713044653336e-05,-3.86105307067434e-05,-2.755766035988927e-05,-1.60443518931667e-05,-9.819663440187772e-06,-1.0607702036698658e-05,-4.886486567556858e-06,6.619064758221309e-07,-2.2000477959712346e-06,-2.0885452007253965e-06,-1.5955263127883276e-06,-2.0622042939066888e-06,-2.2458378225564955e-06,-1.7638240630427996e-06,-1.1980300769209862e-06,0.04056322595812768,0.24145116948056966,0.8801265405025334,4.848494466145834,20.066900889078777,91.95506313840548,66.97466427187125,57.8495552038153,38.01908693710963,28.045883178710938,23.836008679121733,26.499553724378348,41.861979166666664,55.045352074503896,59.7676287556688,62.08245664983988,66.51987418780725,67.43161519368489,69.96299957285325,70.8486990387241,67.04863291730483,303835.9859375,258523.213671875,232961.17278645834,201931.201171875,182152.57200520832,162196.762109375,139224.03997395834,121640.66497395834,107177.88053385417,94780.86907552084,74152.28821614584,57303.23229166667,43066.655924479164,30720.172721354167,19758.04970703125,14686.30498046875,9850.144303385418,7514.061881510416,5230.845442708333,2999.10810546875,818.9233072916667,-0.0010287861029307048,-0.0011067291100819905,-0.003013932704925537,-0.0076986948649088545,-0.007876427968343098,-0.007468513647715251,-0.008469359079996745,-0.005938021341959635,0.0097198486328125,0.03037859598795573,0.009213447570800781,0.00018145243326822918,-0.00035641988118489585,0.012229029337565105,-0.025369771321614585,-0.04048487345377604,-0.04932950337727864,-0.05712273915608724
42,1003.45375,11.476064682006836,7.590202585561201e-06,-9.532623153063468e-07,-8.95281118573621e-06,2.3111440441425657e-06,5.762632099504117e-06,6.007753199810395e-06,332.2208557128906,348.066650390625,345.45684814453125,343.6203308105469,339.22369384765625,338.0485534667969,338.2655639648437,337.6347961425781,329.59130859375,326.1148681640625,12.859014511108398,11.513559341430664,12.878141403198242,11.96099853515625,0.8944100737571716,295.3746795654297,298.6195831298828,0.0005797557532787,0.1190801858901977,0.3426413536071777,0.1412081718444824,2.186410711146891e-06,-3.8882717490196235e-08,-0.0030958801507949,-0.0003488380461931,-1228.55859375,2642875264.0,2777897984.0,2627551232.0,2778331264.0,-1.05078125,278.5908203125,-2.959830453619361e-05,-2.5079345703125,-77.43304443359375,-8.226318359375,-0.0002918792888522,-278758.25,-29613.75,0.0711520910263061,53.99151985347271,0.0001403936184942,0.0001457524485886,0.0001610436011105,0.0001388164237141,0.0002998649142682,300.0702367322198,-2.385291736572981e-05,-1.2686854461207986e-05,-1.1697527952492235e-05,-5.358044290915132e-06,-5.586858605965972e-06,-1.279712887480855e-05,-2.931023482233286e-05,-2.6959460228681564e-06,4.801258910447359e-06,3.09614697471261e-05,5.369458813220263e-05,6.494414992630482e-05,6.500037852674723e-05,4.949374124407768e-05,4.139053635299206e-05,4.315213300287724e-05,4.9576396122574806e-05,5.016557406634092e-05,4.4913613237440586e-05,3.935466520488262e-05,3.317801747471094e-05,0.0359294600784778,0.256992939801421,0.870529055595398,4.953470230102539,23.0699462890625,101.76422119140624,95.95244598388672,100.63442993164062,71.77839057147503,49.71989440917969,40.47560341283679,70.49375041946769,86.456298828125,84.59909054636955,92.13326263427734,90.73270420730114,89.0343322455883,87.7007752507925,86.86695861816406,83.35552978515625,81.53728485107422,303803.7734375,258404.822265625,232820.7109375,201815.052734375,182170.216796875,162327.3203125,139382.0078125,121803.041015625,107279.15625,94813.7939453125,74066.546875,57133.62109375,42861.3525390625,30468.7314453125,19475.23486328125,14408.17529296875,9583.5029296875,7254.77685546875,4979.30712890625,2754.587890625,586.06103515625,0.0022365450859069,0.0021791756153106,0.0052526593208312,-0.0006805658340454,0.0075325369834899,-0.0040809512138366,0.0002541542053222,-0.2131562232971191,-0.2391729354858398,-0.1325693130493164,0.0036954879760742,-0.0288352966308593,-0.1955833435058593,-0.2755279541015625,-0.2930307388305664,-0.1996059417724609,-0.10233736038208,-0.0523324012756347,1.5719967085290007e-06,2.569219127925016e-07,-4.483211530971939e-06,-4.0344365859988745e-06,-1.4955709485208954e-07,3.819821521646704e-06,328.65747672716776,347.802639635404,344.5887206951777,341.71547458966575,336.38189119497935,330.6276489575704,327.3160202423732,326.6638284921646,321.51966126759845,319.73316758473715,18.252427798362135,14.716925760312003,18.046145295817404,14.631698670005424,0.4550382285825132,292.956342569987,301.612836710612,3.597065806388855e-05,0.005162270863850912,0.05426780382792155,0.0017121315002441406,-1.443171640858054e-07,7.736962288618088e-08,-0.0010467847188313803,3.518325587113698e-05,-302.8520833333333,2642802909.866667,2736536849.0666666,2627289728.0,2737070165.3333335,0.12878875732421874,448.049609375,-2.1781974161664645e-05,-32.68004557291667,-57.36903483072917,-46.34794921875,3.577824681997299e-05,-206528.76666666666,-166852.38333333333,0.017060001691182453,37.48175581594308,1.0719212392965952e-05,2.0317422846953074e-06,9.992454821864765e-06,2.3113253215948743e-06,1.2309383600950241e-05,301.1229754567254,-1.6227636175851028e-05,-1.5041872393339872e-05,-9.120938678582509e-06,-6.799139858533939e-07,-5.607211884732048e-06,-1.677683515784641e-05,-2.8248981107026338e-05,-3.564272386332353e-05,-2.7902855072170497e-05,-1.744381928195556e-05,-9.566692945857842e-06,-1.0474390971163908e-05,-5.599130721141894e-06,5.755185460050901e-07,-1.8079997971653939e-06,-1.2232456356287003e-06,-1.4119626333316166e-06,-1.8383453910549481e-06,-1.9411245981852216e-06,-1.7432573561867079e-06,-1.4128085846702257e-06,0.04035400028030078,0.23641678761535634,0.8799793323191504,5.22803734348466,22.375701904296875,92.14354756673177,68.43432057698568,58.018686658144,36.73332307487726,26.4618408203125,21.68262438426415,27.292908562719823,41.985603638986746,57.237701294819516,60.364586141705516,60.416720752418044,61.441460363566875,63.102424861242376,67.8067403157552,68.39780970861514,64.54197355508805,303771.4537760417,258418.95911458333,232855.501171875,201843.24375,182140.91184895832,162216.816796875,139239.55520833333,121646.04856770833,107169.85260416666,94761.01334635417,74115.76067708334,57255.631184895836,43001.444010416664,30639.188736979166,19669.78388671875,14594.412337239582,9751.233235677084,7411.309440104166,5124.9390625,2890.56513671875,708.2125651041666,-0.00038677453994750977,0.0007750332355499267,0.0007340391476949056,-0.002333966890970866,-0.002609658241271973,-0.0006543358167012532,-0.008804098765055338,0.006699307759602865,0.02006708780924479,0.038051478068033856,0.029959487915039062,0.030812772115071614,0.0320770263671875,0.03992125193277995,-0.0012420018513997395,-0.01300652821858724,-0.021904563903808592,-0.029168097178141277
43,1005.14125,11.670926094055176,7.12782366463216e-06,6.48589320917381e-06,-9.388615580974148e-06,2.3165589482232463e-06,1.3860904800822029e-05,2.9782379442622187e-06,329.5828857421875,347.7771301269531,345.2642822265625,343.32940673828125,340.281982421875,338.0210266113281,337.1353759765625,336.9454650878906,329.472900390625,325.8678894042969,11.220011711120604,11.61048984527588,10.934972763061523,11.605302810668944,0.892261266708374,295.6104888916016,298.1725387573242,0.0004613371565937,0.1002689599990844,0.3222959041595459,0.1725726127624511,1.618376700207591e-06,7.620546966791153e-07,-0.0024689882993698,-0.0003152890130877,-938.4921875,2652420480.0,2789912064.0,2638996864.0,2790293632.0,-0.917999267578125,408.537109375,-2.3058964870870117e-05,0.15948486328125,-61.23529052734375,-0.3681640625,-0.0002550315111875,-220451.0,-1328.0,0.0762296915054321,54.979129791259766,0.0001688217744231,0.0001736469566822,0.0001281502190977,0.0001626797020435,0.0002908175811171,300.0474171824269,-2.193369437009096e-05,-1.9027269445359707e-05,-1.3211116311140358e-05,-6.932619726285338e-06,-7.665803423151374e-07,-1.952890306711197e-05,-2.9593706130981445e-05,-1.2516567949205635e-05,4.969770088791847e-07,2.982118166983128e-05,4.859629552811384e-05,5.357537884265184e-05,5.494093056768179e-05,4.601641558110714e-05,4.7423411160707474e-05,4.889757838100195e-05,4.881119821220637e-05,4.660862032324076e-05,4.118436481803656e-05,3.365054726600647e-05,2.3879925720393658e-05,0.038514070212841,0.2339186072349548,0.764845609664917,4.943370342254639,21.388896942138672,106.52645114064217,89.32660682499409,100.28868103027344,68.740304723382,46.27545166015625,38.74130481109023,67.00507963821292,88.09368133544922,88.69615173339844,93.83536529541016,91.04948425292967,88.53089900314808,87.21031177043915,88.5149305909872,86.8933867663145,85.82630920410156,303977.396484375,258525.23046875,232891.24609375,201866.76953125,182255.078125,162380.64453125,139450.642578125,121897.685546875,107409.1328125,94967.1953125,74221.26953125,57271.3984375,42988.4697265625,30594.9990234375,19607.1611328125,14543.78466796875,9723.63916015625,7396.86376953125,5123.455078125,2900.65380859375,732.47802734375,-0.0004040300846099,0.0028318166732788,0.0042556822299957,0.0057073235511779,0.0022916197776794,0.0011173486709594,0.0424718856811523,-0.1014575958251953,-0.1304187774658203,-0.0533657073974609,-0.0347700119018554,-0.0470533370971679,-0.2157230377197265,-0.3429031372070312,-0.271240234375,-0.1743583679199218,-0.0824756622314453,-0.0323677062988281,-3.704296647233605e-07,-1.3508593612271644e-06,-4.750752351590903e-06,-3.668779260401535e-06,5.14319538177267e-07,3.939942787816361e-06,325.4005921681722,347.6970097780228,344.3085280577342,341.6661623954773,336.3095757643381,330.6057067950567,327.2757152160009,326.4971327384313,321.28199679056803,319.6325731754303,17.71048584257563,14.089741523036112,17.553892197847986,14.061718119541183,0.4495403918098115,293.5990254720052,300.4762654622396,2.2573086122671764e-05,0.004823660850524903,0.0412256399790446,0.0013220787048339843,-1.249505051722129e-07,-2.2204282383124032e-08,-0.0020848969618479413,2.51001367966334e-05,-705.36640625,2648881783.4666667,2743350024.5333333,2634141636.266667,2743868535.4666667,0.11745249430338542,555.9789388020833,-1.5915427745009462e-05,0.6422566731770833,-41.49541015625,0.19402669270833334,3.2619511087735495e-05,-149384.43333333332,698.4166666666666,0.011592793464660644,37.775032830486694,7.006370772918066e-06,1.7492721478144328e-06,6.270253409941991e-06,1.5374273061752319e-06,7.808829347292582e-06,301.13466240932536,-1.5339367867757876e-05,-1.508898955459396e-05,-9.047434044380983e-06,-1.6926787793636322e-06,-5.006259501290818e-06,-1.614236777337889e-05,-2.752722939476371e-05,-3.409020913143953e-05,-2.6745985572536786e-05,-1.7223996110260487e-05,-9.729860660930475e-06,-9.308010339736938e-06,-6.19469986607631e-06,1.811500017841657e-07,-2.7290390183528264e-06,-2.3284461349248887e-06,-1.8984777852892875e-06,-1.8004483232895534e-06,-1.933635212481022e-06,-1.9537673021356265e-06,-1.414089153210322e-06,0.040169489880402885,0.23122835556666058,0.8455822785695394,5.446511042863131,22.645084863652787,90.7433467845122,72.21348564525445,60.40196707497041,36.89730408514539,24.673148600260415,22.13626418982943,28.524319894860188,42.912194998562335,56.91428487251202,60.90781809488932,59.79838460286458,61.536022286117074,64.01571289276083,69.61333727588256,72.27551144659519,69.74804573381941,303924.6608072917,258535.73033854167,232950.77135416667,201926.50130208334,182248.51640625,162312.51315104167,139335.06393229167,121750.9203125,107279.4771484375,94872.96640625,74229.76588541667,57370.06588541667,43116.344075520836,30753.266145833335,19784.050390625,14709.851041666667,9868.70859375,7530.419401041667,5246.041959635417,3013.8957682291666,833.65732421875,0.00041010578473409017,0.0007851819197336832,0.0017466564973195394,0.0014012614885965983,0.0032740116119384767,0.001870421568552653,-0.008358494440714518,0.004242610931396484,0.017191346486409506,0.03650360107421875,0.040087890625,0.03156286875406901,0.03779296875,0.04460627237955729,0.005990473429361979,-0.0015375137329101563,-0.0016506830851236978,-0.0034095446268717446
44,1006.389375,11.541631698608398,1.1951888154726475e-06,2.151979788322933e-05,-5.252371920505539e-06,-3.129923697997583e-07,4.924647782900138e-06,6.665477485512383e-06,325.71356201171875,348.1197814941406,345.2760009765625,343.8148498535156,340.4970092773437,338.3276062011719,335.8773803710937,336.7958984375,329.5975952148437,326.12811279296875,9.334220886230469,10.647263526916504,9.47231388092041,10.664487838745115,0.963072955608368,295.69158935546875,297.9899597167969,0.0006886031478643,0.0724012851715087,0.3343310356140136,0.2042474746704101,1.2943055480718613e-06,1.4563556760549545e-07,0.0010696351528167,-0.0003197528421878,357.12109375,2656442368.0,2793822976.0,2643000704.0,2794179840.0,-1.24420166015625,354.04931640625,-2.3143336875364184e-05,-0.9754638671875,-57.090087890625,-0.752685546875,-0.0003455877304077,-205521.5,-2711.0,0.0975297689437866,54.934661865234375,0.0001857373863458,0.000220289453864,0.0001912745647132,0.0002023512497544,0.0003936449065804,300.0474171824269,-2.2278924006968737e-05,-2.2097374312579632e-05,-1.0007963282987475e-05,-5.658526788465679e-06,2.7047208277508616e-06,-2.1644882508553565e-05,-3.543851198628545e-05,-2.2970663849264383e-05,-1.1780706699937582e-05,1.4845398254692554e-05,3.433914389461279e-05,4.374189302325249e-05,4.27967170253396e-05,4.5128283090889454e-05,5.2738701924681664e-05,5.396886263042688e-05,4.863669164478779e-05,4.419556353241205e-05,3.958074375987053e-05,3.179186023771763e-05,2.0805629901587963e-05,0.0421095639467239,0.2112322002649307,0.7385905385017395,4.5510544292628765,19.994535446166992,106.23469543457033,84.3348001986742,96.58350372314452,62.13203430175781,38.30936323851347,33.470593724399805,66.09756477922201,88.77980041503906,90.4000244140625,93.79937744140624,89.86249546706676,86.75595092773438,87.4807739853859,89.80524444580078,89.29252624511719,87.29367065429688,304159.4296875,258737.189453125,233116.736328125,202049.23046875,182395.322265625,162451.6015625,139534.494140625,121974.4609375,107513.0439453125,95087.0703125,74342.25390625,57389.1328125,43094.853515625,30696.517578125,19712.98779296875,14653.29833984375,9835.8173828125,7510.25927734375,5238.59912109375,3018.3642578125,852.350341796875,-0.0011200606822967,1.3530254364013672e-05,-0.002346932888031,0.0002736449241638,0.0016089081764221,0.0041314363479614,0.0151796340942382,-0.0729589462280273,-0.0735054016113281,-0.0191841125488281,-0.0847558975219726,-0.1271753311157226,-0.2917623519897461,-0.3735589981079101,-0.2676477432250976,-0.1900043487548828,-0.1108746528625488,-0.0616393089294433,-1.7072382910634832e-06,-5.143954400270319e-06,-4.233739437048152e-06,-2.0130395296709862e-06,2.7648928788859967e-06,3.7308192016948415e-06,322.8307050784429,347.9887367486954,344.2969076474508,341.8526613712311,336.42644909222923,330.8880120277405,327.188529419899,326.68513938585915,321.2865930477778,319.6712936639786,17.67167811579226,14.101805199372272,17.739712306888155,14.239470387840022,0.4822304571057126,294.05123748779295,299.33453877766925,3.7554589410622916e-05,0.003826808929443359,0.02645902633666992,0.0009552001953125,-8.516944944858551e-08,1.3605070610841115e-08,0.0004153887430826823,3.3493215839068094e-05,132.12630208333334,2651809706.6666665,2745856836.266667,2637045290.6666665,2746345608.5333333,0.08683624267578124,603.13193359375,-1.4328316319733858e-05,2.322212727864583,-38.797709147135414,2.1803792317708335,2.41239865620931e-05,-139672.86666666667,7849.466666666666,0.006933323542277018,37.606976232429346,1.267393430074056e-05,2.164331575234731e-06,1.0432535782456398e-05,1.955715318520864e-06,1.2389135857423147e-05,301.13466240932536,-1.5079536630461614e-05,-1.513973499337832e-05,-8.343940135091543e-06,-2.3449218133464454e-06,-3.958884432601432e-06,-1.623476758444061e-05,-2.7245411183685063e-05,-3.326107592632373e-05,-2.448454809685548e-05,-1.6119789021710553e-05,-9.65160628159841e-06,-8.290276552240054e-06,-5.880316408971945e-06,-9.144190698862076e-07,-4.027279404302438e-06,-3.5956579570968946e-06,-2.4708686396479605e-06,-1.911811220149199e-06,-1.9322382286190986e-06,-2.171541564166546e-06,-1.5963722641269366e-06,0.04056486647556691,0.22953556599095465,0.807457719106848,5.372467534119884,21.03365180417895,89.00901489257812,76.87142361402512,63.66414031982422,38.600362141927086,24.11608485430479,22.332782835761705,27.258058179666598,42.29478476991256,56.46808103422324,60.21182240893443,59.88587180649241,62.34673071950674,65.08897557482123,71.61124313920736,76.22883198459944,74.57969860831896,304126.0169270833,258719.59153645832,233112.065625,202033.63125,182337.78893229167,162349.04973958334,139372.97395833334,121802.498828125,107347.99609375,94948.9294921875,74312.46555989583,57453.181315104164,43200.55481770833,30839.500065104166,19873.17275390625,14801.47978515625,9964.205045572917,7628.41728515625,5347.155598958333,3118.962467447917,942.433740234375,5.939205487569173e-05,0.00027740597724914553,0.001110615332921346,0.0009650786717732748,0.002044530709584554,-0.0014334837595621744,-0.015424124399820964,-0.013452275594075521,-0.002844429016113281,0.020496877034505208,0.041896756490071616,0.032520993550618486,0.03993778228759766,0.038256263732910155,-0.005249532063802084,-0.015295982360839844,-0.01271804173787435,-0.0128172238667806
45,1005.676875,9.210519790649414,1.2201071513118222e-06,3.394261148059741e-05,3.550867404555902e-06,1.0168620292461128e-06,-4.413261649460765e-06,5.378504738473566e-06,323.0565795898437,348.6753845214844,345.66265869140625,344.1407470703125,340.4815673828125,339.7579345703125,335.1893920898437,336.3527526855469,329.7330627441406,326.5360107421875,8.370957374572754,8.308857917785645,9.117697715759276,8.485177993774414,0.834132194519043,295.86621856689453,298.0035552978516,0.0004586400464177,0.0871256589889526,0.3343856334686279,0.2643699645996094,2.3214088287204504e-06,2.1925661712884903e-06,0.0013912916183471,-0.0003965497016906,493.37890625,2654755456.0,2792093312.0,2642419072.0,2792433664.0,-1.262798309326172,357.3251953125,-2.5708170142024755e-05,-3.45941162109375,-64.6912841796875,-3.68084716796875,-0.0003507919609546,-232888.5,-13252.875,0.1237170696258544,54.9182318598032,0.0001332964748144,0.0002566799521446,0.0001274002715945,0.0002608220092952,0.0003882134333252,300.09277630974265,-2.280512126162648e-05,-1.844736107159406e-05,-5.741196218878031e-06,-2.040527760982513e-06,4.010260454379022e-06,-2.0937659428454936e-05,-3.5091652534902096e-05,-3.176229074597359e-05,-2.1941261366009712e-05,3.3218530006706715e-06,2.2900523617863652e-05,3.789761103689671e-05,3.624591045081616e-05,4.679081030189991e-05,5.600927397608757e-05,5.583115853369236e-05,4.93114348500967e-05,4.539394285529852e-05,3.944558557122946e-05,2.9119662940502167e-05,2.061249688267708e-05,0.0402678251266479,0.2070443928241729,0.7510063052177429,4.791762828826904,20.296199798583984,104.28949782252312,95.40109252929688,96.60588836669922,59.74853302538395,34.18487548828125,34.59153252840042,68.93144357949495,90.58197021484376,89.13422393798828,91.7311019897461,87.28924560546875,86.16714476048946,88.54508972167969,91.94192504882812,91.0840835571289,88.12029266357422,303959.533203125,258497.193359375,232908.4375,201853.484375,182196.90234375,162236.642578125,139363.58984375,121818.658203125,107375.6650390625,94956.599609375,74223.64453125,57286.5712890625,42996.8037109375,30599.884765625,19615.4951171875,14554.458984375,9735.97314453125,7410.43896484375,5139.03857421875,2919.1875,752.60009765625,0.0013989508152008,-0.0004907846450805,0.0027746260166168,-0.0023197531700134,-0.004270851612091,-0.0005081892013549,-0.0330040454864501,-0.1107263565063476,-0.1033649444580078,-0.0649185180664062,-0.1593732833862304,-0.2363014221191406,-0.3846778869628906,-0.4132843017578125,-0.2640962600708008,-0.1903944015502929,-0.1178417205810546,-0.0624489784240722,-6.715856164996268e-07,-7.52259120138446e-06,-3.413672854790112e-06,-1.3949442325039811e-06,2.9805183984178813e-06,2.846666556342396e-06,323.84226393699646,348.25260894298555,344.4063262701035,342.13213256994885,336.70691064198815,331.1830479383469,327.58457051912944,327.4401616493861,322.0678932587306,320.5494203090668,17.54596110895897,13.895949553900088,17.71398596976263,14.044342632940973,0.5236890185852341,294.1835215250651,298.3606562296549,2.0137553413709004e-05,0.004762506484985352,0.022971630096435547,0.0009267171223958333,-1.7890512632826964e-07,-1.7206184566020966e-07,0.0010139385859171549,2.4476399024327595e-05,365.6684895833333,2647420603.733333,2741604676.266667,2632547473.0666666,2742043366.4,0.06240030924479167,646.5756184895833,-1.3520580250769853e-05,1.3714518229166666,-34.24922281901042,1.4212972005208333,1.7333527406056722e-05,-123297.85,5116.975,0.006790939966837565,37.66144229248166,4.356292386849722e-06,1.5115986267725626e-06,5.593243986368179e-06,1.4830070237318674e-06,7.068303724129995e-06,301.12948377184176,-1.4546893847485384e-05,-1.5176480519585312e-05,-7.5328901099661985e-06,-3.138553195943435e-06,-3.303679598805805e-06,-1.6083908849395812e-05,-2.7034028122822443e-05,-3.180556232109666e-05,-2.4609589794029792e-05,-1.5075186577936014e-05,-9.726965799927711e-06,-7.33515868584315e-06,-5.001900717616081e-06,-1.6164422656099001e-06,-4.65461052954197e-06,-4.292093217372895e-06,-2.879113890230656e-06,-2.1354760974645613e-06,-2.0703145613272983e-06,-1.9421102479100226e-06,-1.5280054261287054e-06,0.041428605715433754,0.23443786104520162,0.8168199366579453,5.40133844849964,21.095940907796223,89.93265907168389,80.13349304199218,67.73195037841796,41.80191947321097,25.439338175455728,22.66930099030336,27.024373026192187,42.76878180106481,55.74228124966224,60.909541320800784,61.1485451211532,64.9883297741413,67.93630998010437,74.5888193950057,80.47030182033777,78.68709360758463,303898.40703125,258506.14114583333,232929.03359375,201842.40716145834,182166.75169270832,162172.97330729166,139209.06783854167,121658.29479166666,107226.18802083333,94839.09811197917,74209.66393229166,57353.476953125,43103.8859375,30744.272200520834,19781.673795572915,14712.531477864582,9879.468131510417,7546.491927083333,5268.571451822917,3044.258333333333,871.3213541666667,-3.583629926045736e-05,0.00027629733085632324,-0.0010687132676442464,3.7833054860432944e-05,-0.0017057696978251139,-0.004128388563791911,-0.015054591496785482,-0.017068227132161457,-0.008169428507486979,0.01513201395670573,0.031000773111979168,0.0114898681640625,0.019634119669596353,0.024338277180989583,-0.011376953125,-0.017814826965332032,-0.010389900207519532,-0.009275182088216146
46,1005.28875,8.805575370788574,-9.278854122385384e-06,5.321188291418366e-05,-2.335200861125486e-06,-1.4007683603267653e-05,-1.2458147466531956e-05,1.1496012120915111e-05,317.4759521484375,349.4415588378906,346.0106201171875,344.2807006835937,340.212890625,339.69775390625,334.86395263671875,335.94000244140625,329.55694580078125,326.656494140625,9.502214431762695,6.559333324432373,10.120616912841797,6.652087688446045,0.6528899669647217,295.6800994873047,297.7882766723633,0.0004343409091234,0.0513308048248291,0.2859899997711181,0.1834163665771484,1.0066432878375051e-06,3.670342266559601e-06,0.0002276487648487,-0.0003525484353303,26.2421875,2650309888.0,2785550976.0,2637347200.0,2785889280.0,-1.4407730102539062,596.30029296875,-2.421479439362884e-05,-3.21240234375,-65.35479736328125,-4.60772705078125,-0.0004002097994089,-235275.5,-16585.75,0.1363304853439331,54.07937248051167,0.000139923300594,0.0002713683061301,0.0001206519082188,0.0002715475857257,0.0003921976312994,300.0226384943182,-1.7562764696776867e-05,-1.2822856660932302e-05,-1.81976065505296e-06,2.740503987297416e-06,2.5579938665032387e-06,-1.7048383597284555e-05,-3.957172157242894e-05,-3.411952638998628e-05,-1.6543897800147533e-05,6.615242455154657e-06,2.654793206602335e-05,4.118203651160002e-05,3.578152973204851e-05,5.297001916915178e-05,5.746644455939531e-05,5.6879245676100254e-05,5.2924384362995625e-05,5.1312847062945366e-05,4.6085333451628685e-05,3.5842182114720345e-05,2.7381000109016892e-05,0.0427137501537799,0.2439803481101989,0.7743721008300781,5.418529987335205,17.643966674804688,99.5315170288086,98.45980834960938,94.27667236328124,51.19854736328125,30.042136918753386,32.423858642578125,64.51390032470226,88.66232323646545,90.29837036132812,89.03417205810547,85.69928741455078,87.06654357910156,89.4543685913086,91.27251434326172,90.78689575195312,88.7041244506836,303688.3828125,258382.751953125,232886.47265625,201796.16015625,182109.93359375,162094.025390625,139235.1015625,121735.703125,107297.125,94870.5,74155.900390625,57229.51171875,42947.1728515625,30557.7978515625,19578.04638671875,14513.8251953125,9692.0703125,7364.7216796875,5090.99462890625,2869.1689453125,700.37841796875,-0.0023314207792282,-0.0007900595664978,-0.0070912241935729,-0.0095753967761993,0.0042514204978942,0.0130046606063842,-0.039586067199707,-0.1154718399047851,-0.0680789947509765,-0.044081687927246,-0.1140851974487304,-0.2238531112670898,-0.3392171859741211,-0.3238506317138672,-0.2110242843627929,-0.183481216430664,-0.0938177108764648,-0.0316648483276367,1.9654210841050373e-06,-7.707173629215581e-06,-2.963542111669021e-06,2.6583269649027805e-07,6.504041288585745e-07,-5.277920156652553e-07,327.1908248265584,348.5182990233104,344.7076495011648,342.58224000930784,336.7603449980418,331.1765609502792,327.7331215937932,328.02852014700574,322.887686196963,321.2013640801112,17.49205304820401,13.41721449016671,17.60851602521725,13.531395152125818,0.538257555739195,294.0918706258138,297.5769022623698,1.4170445501804351e-05,0.003658453623453776,0.020746183395385743,0.0005151112874348958,-6.644210467735926e-08,-1.9600071633855503e-07,8.457973599433899e-05,1.677908003330231e-05,27.191666666666666,2642744388.266667,2735802120.5333333,2626993493.3333335,2736210176.0,0.05620702107747396,704.012890625,-1.3183371629565955e-05,1.4912312825520833,-32.71287434895833,0.59442138671875,1.561374713977178e-05,-117765.38333333333,2139.8,0.005940580368041992,37.21141996259491,3.633244584004084e-06,1.7529353499412537e-06,3.935567413767179e-06,1.799346258242925e-06,5.742224554220836e-06,301.04828942340356,-1.2857298133894802e-05,-1.525915965127448e-05,-7.120936061255634e-06,-2.6367177876333396e-06,-2.670625690370798e-06,-1.5297731927906473e-05,-2.7900767357399066e-05,-3.13471343057851e-05,-2.595445839688182e-05,-1.5730957966297864e-05,-1.1385884135961533e-05,-7.759081199765205e-06,-3.8027491730948287e-06,-1.3916753232479095e-06,-4.66850275794665e-06,-5.321258989473184e-06,-3.799415814379851e-06,-2.934178337454796e-06,-2.3636346062024435e-06,-2.266094088554382e-06,-1.9141938537359237e-06,0.043089084566842455,0.24256083567937214,0.8610789616902669,5.387154070536296,21.35527648925781,88.15329730709394,76.80403340657553,68.3863452638189,44.37431131998698,27.28603134403626,22.147918701171875,24.955809304118155,42.05110338032246,55.47108277380467,61.42850615034501,60.81847585042318,64.87518292168777,68.2034184773763,75.0958674505353,81.25851542154948,79.91707750856877,303597.74296875,258323.27877604167,232799.1859375,201755.22044270832,182100.877734375,162084.80104166668,139119.020703125,121569.75885416666,107146.75703125,94769.09733072917,74148.55345052083,57292.57903645833,43050.70071614583,30701.412532552084,19747.53994140625,14680.018587239583,9847.292903645834,7514.621842447917,5237.331022135417,3014.1856770833333,842.6742513020833,-0.0009432574113210042,0.0002449333667755127,-0.0016168475151062012,-0.00023148258527119954,-0.003968099753061931,0.00033488273620605467,0.0059583028157552086,0.0015003204345703125,0.006208737691243489,0.03253917694091797,0.051861000061035153,0.0342678705851237,0.025397682189941408,0.02332649230957031,-0.008320109049479166,-0.007672373453776042,0.004668680826822916,0.006233119964599609
47,1007.045625,7.341660022735596,-1.702751251286827e-05,3.42448111041449e-05,-1.219733621837804e-05,-1.363241062790621e-05,1.0930361895589158e-06,1.4921493857400492e-05,310.3954467773437,348.573974609375,345.612548828125,343.8541259765625,340.0315856933594,339.85009765625,334.65142822265625,335.3208312988281,329.0035095214844,326.3385925292969,8.111977577209473,6.360786437988281,8.311450004577637,6.351377487182617,0.5838505029678345,295.8034362792969,298.0278549194336,0.0005552982911467,0.0590794086456298,0.2639288902282715,0.1884832382202148,6.966292858123779e-07,4.328438080847263e-06,-0.0028635412454605,-0.0003591310232877,-1149.97265625,2652899584.0,2788323840.0,2639470592.0,2788649856.0,-1.6481285095214844,636.08251953125,-2.7050671633332968e-05,-5.2113037109375,-71.29150390625,-5.77435302734375,-0.0004578223451972,-256649.0,-20786.5,0.1704578399658203,54.15221405029297,0.0001656711101531,0.0002924627624452,0.0001542542595416,0.0002957419492304,0.0004499941132962,300.07816215183425,-1.4537436072714628e-05,-1.054628228303045e-05,-2.609318471513689e-06,-1.817461452446878e-06,1.0210205800831318e-06,-7.329974323511124e-06,-3.9151753298938274e-05,-3.0900060664862394e-05,-1.7479644156992435e-05,-9.284703992307186e-07,1.759722363203764e-05,3.5229604691267014e-05,3.053585533052683e-05,5.27513911947608e-05,5.661346949636936e-05,5.498051177710295e-05,5.134579259902239e-05,5.108979530632496e-05,4.622410051524639e-05,3.683136310428381e-05,2.9888469725847244e-05,0.0518948175013065,0.2392832338809967,0.9333316087722778,6.333260536193848,19.23907460272312,80.9537124633789,92.12431336939336,91.98230011761189,49.75323747098446,30.21105194091797,36.67697102949023,63.4538041613996,90.40462493896484,88.05775451660156,88.25726318359375,85.97360229492188,87.20388793945312,90.60464477539062,92.21744537353516,91.74213415384293,89.1467056274414,303689.951171875,258379.43359375,232885.33984375,201875.2734375,182281.9921875,162203.046875,139289.115234375,121806.236328125,107382.916015625,94967.51171875,74265.2216796875,57342.0380859375,43076.6162109375,30693.30908203125,19711.15380859375,14646.55517578125,9824.15625,7497.099609375,5224.11962890625,3003.495849609375,834.52001953125,-0.0004929304122924,0.0032819211483001,-0.0019085705280303,0.0025297701358795,-0.014855682849884,0.0241286158561706,0.0184392929077148,-0.0820798873901367,-0.0452203750610351,-0.0029726028442382,-0.0616741180419921,-0.2427558898925781,-0.2889957427978515,-0.2596464157104492,-0.2056760787963867,-0.1721744537353515,-0.068796157836914,-0.0062699317932128,4.183530914443276e-06,-5.728905440552899e-06,-2.7678360225983394e-06,9.79688413152551e-07,-1.32938157353125e-06,-2.733598418138613e-06,329.57155702908835,348.3481961329778,344.5260267575582,342.4564888715744,336.60475420951843,331.19789539178214,327.8007019440333,327.9536015748978,323.08135628700256,321.10633568763734,16.869589928809244,12.916418369098876,17.037874353079435,13.104366096749436,0.5090133993696023,294.14070994059244,297.2758524576823,1.4438293874263763e-05,0.002297067642211914,0.02435863812764486,0.000577545166015625,-4.0923866132895155e-08,-2.5194215898712474e-07,-0.0020921409130096437,5.390246709187826e-06,-786.8177083333334,2644381329.0666666,2737171592.5333333,2627739033.6,2737546487.4666667,0.08606592814127605,664.0609700520833,-1.3282093762730559e-05,-0.24110921223958334,-32.75931396484375,0.06483968098958333,2.3907671372095745e-05,-117933.96666666666,233.0,0.007956417401631673,37.10418904622396,3.6078505218029023e-06,1.1510526140530905e-06,4.008971154689789e-06,1.2971460819244384e-06,5.308290322621664e-06,301.03515930034564,-1.2280709537056585e-05,-1.4203500662309428e-05,-6.1856398436551295e-06,-5.226737509171168e-07,-2.5332866547008355e-06,-1.3977153381953636e-05,-2.7959184565891824e-05,-3.1750660855323074e-05,-2.614685023824374e-05,-1.614110078662634e-05,-1.1054954181114832e-05,-8.180419293542703e-06,-3.3425865694880484e-06,-1.4327078436811765e-06,-4.470488056540489e-06,-5.295818361143271e-06,-3.77438652018706e-06,-2.9945746064186097e-06,-2.4421528602639835e-06,-2.462098685403665e-06,-2.1982472389936446e-06,0.04549165743568059,0.23848678867022197,0.8852752606074016,5.252804374694824,22.20965829814474,84.12655884623527,71.6025292923053,66.06145808299382,44.52434421529372,27.82140858968099,21.6421269501249,23.485400436321893,41.24899016271035,54.57658284505208,61.35994150737921,61.93818105906248,66.74189162105321,69.74056912213564,75.76133478631576,83.30534145534038,82.20047047932943,303617.04270833335,258411.83489583334,232885.6203125,201860.08098958334,182212.44921875,162202.833984375,139214.4640625,121664.85572916667,107254.17526041667,94884.2740234375,74264.66822916667,57403.31940104167,43162.477278645834,30817.8193359375,19867.115364583333,14802.210221354168,9973.269368489584,7642.732063802084,5367.5140625,3146.8749837239584,977.9512044270833,-0.0001042783260345459,0.0011362830797831218,0.00041570266087849933,0.0008898595968882243,0.001181793212890625,0.002836171785990397,0.01783275604248047,0.02688465118408203,0.039059893290201826,0.05782470703125,0.060868453979492185,0.04160359700520833,0.03190879821777344,0.03696371714274089,0.01988836924235026,0.022419039408365884,0.0313534418741862,0.03192567825317383
48,1008.978125,7.70041036605835,-5.553022219828563e-06,1.1006596650986468e-05,-1.4900953829055652e-05,-1.351423270534724e-05,2.833979579008883e-06,1.1952310160268098e-05,313.315185546875,348.31756591796875,345.2880249023437,343.6018981933594,339.8463134765625,339.6129150390625,334.5132141113281,334.64483642578125,328.70147705078125,326.05914306640625,7.015422344207764,6.853584289550781,6.982697010040283,6.780355930328369,0.7064971923828125,295.7066802978516,298.2865524291992,0.0003790715709328,0.0744719505310058,0.2364441156387329,0.1341590881347656,1.2281816452741626e-07,2.8561335057020187e-06,5.601346492767334e-05,-0.0003005396574735,-21.19921875,2655480064.0,2790803456.0,2640232576.0,2791123712.0,-0.8588409423828125,539.84228515625,-3.4392898669466376e-05,-13.5911865234375,-85.75592041015625,-9.639404296875,-0.0002385582774877,-308720.25,-34701.0,0.1193357706069946,54.11248779296875,9.747548028826714e-05,0.0002444703131914,0.0001053011510521,0.000282360240817,0.0003876658156514,300.1051032287253,-1.7439189832657576e-05,-1.0614938219077883e-05,-7.282709702849388e-06,-6.953559932298958e-06,-1.4659162843599916e-06,3.9687438402324926e-07,-3.4575932659208775e-05,-3.180006751790643e-05,-1.7044367268681526e-05,-4.0262239053845406e-06,2.312473952770233e-06,3.1877076253294945e-05,3.093911800533533e-05,5.074858199805021e-05,5.581323057413101e-05,5.506398156285286e-05,4.844332579523325e-05,4.7287787310779095e-05,4.525342956185341e-05,4.033581353724003e-05,3.542355261743069e-05,0.0505510903894901,0.2378561198711395,0.924257451435551,5.197601318359375,24.71489524841309,77.32111358642578,81.53024291992188,91.32481384277344,50.143829092383385,34.20528180897236,36.96255240961909,67.0474714487791,88.07744598388672,86.08389283716679,89.25625610351562,87.61695861816406,88.6317138671875,89.72706604003906,90.12835693359376,89.48157496750355,86.29883575439453,304069.58203125,258768.91796875,233209.0,202067.09375,182531.955078125,162525.337890625,139541.875,122023.6640625,107599.0078125,95180.4306640625,74451.4736328125,57514.0966796875,43253.353515625,30868.9736328125,19884.9404296875,14821.642578125,10000.8828125,7674.05419921875,5400.27880859375,3178.886962890625,1010.054443359375,0.0012681037187576,-0.0008846223354339,-0.0026809871196746,0.0102651715278625,-0.0141183733940124,-0.0056747794151306,0.0397725105285644,-0.0750107765197753,-0.0826597213745117,-0.046417236328125,-0.0832843780517578,-0.2249908447265625,-0.2212715148925781,-0.2083768844604492,-0.2469730377197265,-0.1982898712158203,-0.1197714805603027,-0.0686540603637695,3.076595847848844e-06,-3.928534967193002e-06,-2.962476586466691e-06,1.78743811009655e-06,-1.1434006858240085e-06,-3.917603687805168e-06,328.624299232165,348.0668219804764,344.34683363437654,342.2051015615463,336.3934720436732,331.1609516223272,327.7000795682271,327.7202465613683,322.8614339113236,320.77270230452217,16.569773692327242,12.80710384674215,16.704826005734503,13.044464530640592,0.5333788134703354,293.87719675699867,299.7439142862956,8.724567790826161e-06,0.0006574948628743489,0.020981788635253906,0.00026149749755859374,-5.991508563359579e-09,-1.900053272644679e-07,9.071429570515951e-05,2.638747294743856e-06,-79.77395833333334,2649020782.9333334,2741309533.866667,2631487462.4,2741682218.6666665,-0.010163625081380209,581.2927734375,-2.0067675116782387e-05,-48.41133219401042,-48.39997151692708,-38.574275716145834,-2.820479373137156e-06,-174240.1,-138866.93333333332,0.007308785120646159,36.903621352712314,2.720889945824941e-06,1.0981224477291106e-06,2.422618369261424e-06,9.732631345589955e-07,3.4014694392681124e-06,301.02356118560965,-1.1338124750182033e-05,-1.2987362182078261e-05,-5.734058019394676e-06,1.0104355169460178e-06,-2.261368596615891e-06,-1.3122248734968404e-05,-2.798511025806268e-05,-3.2127031590789554e-05,-2.5889615062624217e-05,-1.6839321081837017e-05,-1.1697178706526756e-05,-9.282003156840802e-06,-3.613787703216076e-06,-1.815768579641978e-06,-4.719694455464681e-06,-5.3905881941318515e-06,-3.937631845474243e-06,-3.1408232947190603e-06,-3.091284694770972e-06,-3.223361757894357e-06,-3.038152741889159e-06,0.043612760057051975,0.2233267645041148,0.8605853806560239,5.276572036743164,22.16588673591614,80.18626352945964,63.885738118489584,58.22327575683594,41.45828171595931,25.936478015283743,19.895192383478086,22.402993211150168,39.533370189368725,54.12352550824483,60.436597696940105,61.524740600585936,65.44937845865886,67.08942464192708,72.01585896809895,77.67783054808775,73.16980336507162,304065.90325520834,258772.79127604168,233184.76901041667,202136.81276041668,182468.504296875,162452.65559895834,139432.0671875,121870.2046875,107453.7732421875,95080.18125,74449.9927734375,57578.00494791667,43331.325390625,30985.8529296875,20031.62666015625,14965.709049479166,10135.31083984375,7803.14775390625,5525.981803385416,3302.5540852864583,1129.4265462239584,-0.00012808740139007567,0.0003320912520090739,-0.0005406856536865235,-0.003092825412750244,-0.0018559098243713379,-0.0012348373730977377,0.015530713399251302,0.03670479456583659,0.05782756805419922,0.07027708689371745,0.060035451253255205,0.031200218200683593,0.017682902018229165,0.02107855478922526,0.006342506408691407,-0.004399236043294271,-0.009749730428059896,-0.013830916086832682
49,1007.689375,8.404632568359375,4.0350200833927374e-06,3.81700056095724e-06,-9.082681572181173e-06,-6.966877208469668e-06,2.55318764175172e-06,3.7542949939961545e-06,316.73114013671875,347.83349609375,344.9471435546875,343.36444091796875,339.6507263183594,339.1459655761719,333.73358154296875,333.396484375,328.23162841796875,325.6329040527344,7.795159339904785,6.87929630279541,7.715871810913086,6.732975482940674,0.7753024697303772,295.7001266479492,298.75662994384766,0.0004254030063748,0.1044363975524902,0.2581830024719238,0.140024185180664,3.3061951398849494e-08,3.797584213316441e-06,0.002189502120018,-0.0002026408910751,941.703125,2650210432.0,2784383232.0,2635112960.0,2784674816.0,-0.9137039184570312,535.69091796875,-3.1301373383030295e-05,-14.774169921875,-81.3983154296875,-16.26031494140625,-0.0002538133412599,-293032.5,-58537.5,0.1146619319915771,53.65245819091797,0.0001061600632965,0.0001946096308529,0.0001181710977107,0.0001979228109121,0.0003160866908729,300.179996918867,-2.1481930161826316e-05,-1.0258023394271731e-05,-9.948329534381628e-06,-5.718116881325841e-06,-3.792723873630166e-06,-2.993649104610085e-06,-3.286072751507163e-05,-3.42743587680161e-05,-1.6302161384373903e-05,-6.577931344509125e-06,-2.159620635211468e-06,2.894311910495162e-05,3.2545707654207945e-05,4.284956958144903e-05,5.099596455693245e-05,5.155883263796568e-05,5.195185076445341e-05,4.99009620398283e-05,4.57132700830698e-05,3.820436540991068e-05,3.465288318693638e-05,0.044036615639925,0.2299034595489502,1.0502531377132982,4.633852900005877,31.26504649221897,86.25890350341797,74.474609375,89.0047607421875,55.045161202549934,35.763386592268944,37.134025149047375,74.87706013768911,82.30877685546875,83.19578570127487,86.81785583496094,86.42530822753906,86.63395695388317,87.37248992919922,87.84587089717388,87.73654174804688,84.27750396728516,303709.916015625,258391.056640625,232904.509765625,201851.865234375,182341.021484375,162443.509765625,139458.3515625,121916.21875,107472.9638671875,95047.984375,74308.6298828125,57370.1533203125,43100.8408203125,30708.70263671875,19717.4560546875,14650.32080078125,9824.8564453125,7495.02685546875,5219.28369140625,2996.8828125,825.256591796875,6.614625453948975e-05,0.0010510385036468,-0.00587660074234,0.0017647147178649,-0.0142102837562561,-0.0124230980873107,0.0329372882843017,-0.0895462036132812,-0.1498298645019531,-0.1319189071655273,-0.1063365936279296,-0.1427469253540039,-0.189462661743164,-0.2053680419921875,-0.2331562042236328,-0.1710224151611328,-0.119659423828125,-0.0891327857971191,3.2739807871436794e-06,-3.873464168916315e-06,-1.4974045057083417e-06,2.930656582863835e-06,-2.639618999730406e-07,-3.457694187545292e-06,327.24580137729646,347.84553071657814,344.15223293304444,342.0254138390223,336.2530399401983,330.95447673797605,327.67003598213194,327.58331214586894,322.78244710763295,320.8962741295497,16.054508127334216,12.659711119377365,16.107548300964602,12.869632643150789,0.523278011607969,293.1344696044922,301.5253885904948,1.2388763328393301e-05,0.000756216049194336,0.036638863881429035,0.0007321993509928385,-9.150244295597076e-09,-2.3189156005779903e-07,0.0024094909429550173,4.279365142186483e-06,777.2361979166667,2640755336.5333333,2733149687.4666667,2622239334.4,2733502762.6666665,-0.016742706298828125,567.0538736979166,-2.435002631197373e-05,-77.86383463541667,-61.691691080729164,-82.38676350911459,-4.65282549460729e-06,-222090.0,-296591.7,0.007946316401163738,36.9459228515625,4.233978688716888e-06,1.2479722499847412e-06,3.4405849874019624e-06,1.4312565326690673e-06,4.865322262048722e-06,301.0113608580156,-1.0399548530889054e-05,-1.2673319239790241e-05,-5.850338493473828e-06,1.515694505845507e-06,-2.8831146967907746e-06,-1.1445545048142473e-05,-2.5230812995384136e-05,-2.9364348544428747e-05,-2.544112503528595e-05,-1.688840954254071e-05,-1.2482795864343643e-05,-9.709779017915329e-06,-3.636880622555812e-06,-1.3080503170688948e-06,-4.386839767297109e-06,-4.583263459304969e-06,-4.395462262133757e-06,-4.289617451528708e-06,-4.335477327307065e-06,-4.021419833103815e-06,-3.831243763367335e-06,0.04408156538605302,0.23359265327453613,0.9121364668942988,6.132404230286678,25.640615817407767,83.78175374368827,61.375434355437754,51.9440916672349,39.961040009558204,24.337779919058086,18.692697044710318,22.579649122556052,40.146855415900546,55.122646539409956,61.237792799373466,61.60542500813802,63.26122906208038,65.09258880615235,67.42943149308364,68.88920694986979,65.05355234742164,303725.65872395836,258431.76080729166,232874.02903645832,201894.58450520833,182292.25026041668,162353.29010416666,139330.15677083333,121762.21796875,107338.38274739584,94958.47845052084,74310.34798177083,57428.74908854167,43177.76276041667,30826.745377604166,19862.460188802084,14790.508170572917,9951.014583333334,7613.105631510417,5328.988932291667,3096.9673828125,916.5518717447917,-0.0011487166086832682,-0.001365417242050171,-0.0018834372361501057,-0.005645628770192464,-0.007352983951568604,-0.010839545726776123,7.878939310709635e-05,0.02335335413614909,0.05010503133138021,0.058994356791178384,0.03842493693033854,0.006910387674967448,0.0041315714518229164,0.00825659434000651,-0.012086613972981771,-0.033332570393880205,-0.05012973149617513,-0.0601226806640625
50,1006.245,8.886277198791504,7.85360225563636e-06,1.690290628175717e-05,1.789232868532054e-07,-3.0614301067544147e-06,2.026387164733024e-06,-4.934539902023971e-06,322.1908264160156,347.447265625,344.9832458496094,342.88238525390625,339.8344421386719,338.3992919921875,333.2972717285156,332.9388122558594,328.0487060546875,325.4903869628906,6.361386299133301,5.3991312980651855,6.7641215324401855,5.489776611328125,0.8077800273895264,295.62022399902344,298.89661407470703,0.0002274774014949,0.0601710081100463,0.2144891023635864,0.1004400253295898,1.996522769331932e-07,2.46166018769145e-06,-0.0020846277475357,-0.0001922808587551,-754.87890625,2642982144.0,2774340864.0,2626068992.0,2774615936.0,-0.6335716247558594,465.68017578125,-2.1563173504546285e-05,-7.5072021484375,-60.4405517578125,-11.9364013671875,-0.0001759808510541,-217587.0,-42969.0,0.0953067541122436,52.52669143676758,4.793703556060791e-05,0.0001471093855798,6.318814121186733e-05,0.0001548565924167,0.000218051020056,300.2104658647017,-1.730809162836522e-05,-9.022318408824503e-06,-1.0737814591266217e-05,-5.462599801830947e-06,-6.814385415054858e-06,-2.501081326045096e-06,-3.885739715769887e-05,-3.905163612216711e-05,-1.940137008205056e-05,-1.6565900295972824e-06,1.3553071767091753e-05,2.8726295568048957e-05,4.07298794016242e-05,4.379765596240759e-05,5.268619861453772e-05,5.418481305241585e-05,4.839478060603142e-05,4.323164466768503e-05,3.623799420893192e-05,2.769113052636385e-05,2.511346247047186e-05,0.0391872525215148,0.2155531048774719,1.1150845212396234,4.029466755688191,35.996490478515625,93.31981652975082,59.58072139322758,91.87940256297588,59.183866053819656,38.432397067546844,32.17492726072669,66.09315477311611,78.8893738090992,83.34864044189453,87.0068359375,86.3735580444336,85.87815843522549,85.33061218261719,85.9093930721283,86.77216352522373,84.59383404254913,303692.736328125,258302.9296875,232778.322265625,201764.736328125,182230.8828125,162438.20703125,139435.8046875,121867.27734375,107401.322265625,94977.0771484375,74262.3310546875,57319.171875,43033.1748046875,30635.77490234375,19640.65966796875,14571.939453125,9744.1240234375,7413.32080078125,5137.72314453125,2916.403564453125,746.772216796875,-0.0003232061862945,0.0026609003543853,-0.0021110773086547,0.0068868398666381,3.49879264831543e-05,-0.0124897360801696,0.0631740093231201,-0.0744085311889648,-0.1783833503723144,-0.1450157165527343,-0.0012788772583007,0.0346097946166992,-0.1285696029663086,-0.213932991027832,-0.1623897552490234,-0.0889835357666015,-0.0415530204772949,-0.0237932205200195,4.533544194045032e-06,-5.737844169300748e-06,-1.5242803472177304e-06,1.28424770099376e-06,-9.258578369208452e-07,-3.644340335319605e-06,327.5643955088256,347.6336155491746,344.06811840009885,341.8329025759242,336.02326827623045,330.6825152353627,327.21915336070714,327.13677878795323,322.4306348032971,320.6723341882476,15.274393010312592,12.090737968405003,15.525442770794344,12.40808814683643,0.5185937309027572,292.5363361786015,302.1183193095987,1.84335401938664e-05,0.0010707190422596278,0.0372342548924363,0.0011781557961618257,-1.2146803662490054e-08,-9.16879345890892e-08,-0.0011431186525653508,5.053951408853175e-06,-433.11511281120335,2636090550.7053943,2727351300.248963,2616598259.253112,2727693077.2448134,0.007712526440125778,514.1401063278008,-1.7800468843260248e-05,-36.62542952541494,-50.255193813213175,-51.126996685360474,2.1432012443225907e-06,-180917.77178423238,-184057.97510373444,0.011646254923333765,36.492893073321376,3.643797640978548e-06,1.2669387694711013e-06,5.11898168389728e-06,1.4853860827402455e-06,6.604707834631576e-06,300.99833895246206,-1.1309063609368728e-05,-1.2723692000603992e-05,-6.32070849071879e-06,9.585809082380222e-07,-4.523963470850526e-06,-1.1665878382210013e-05,-2.3936356236207534e-05,-2.3588226118832207e-05,-2.396241201404714e-05,-1.738830740057334e-05,-1.4174585636411465e-05,-1.1013544462157482e-05,-3.6296191242720575e-06,-3.635326856399473e-07,-4.605975589440571e-06,-5.332654519818136e-06,-4.627660720674823e-06,-4.345585912837032e-06,-4.047702773787174e-06,-3.640610469636581e-06,-3.443775829932502e-06,0.04311076956665862,0.23675690572786134,0.9356535514468844,6.2969066258906325,26.991736508009346,88.12593058926436,63.87070891174538,51.74700024563247,37.32819708872633,25.16141459951757,17.753664945913055,22.72230705383902,40.258891181332444,55.87567633810875,61.43656820083555,59.0755085628557,60.11225628284003,61.363605799516705,64.29717542472223,65.14059976794412,62.261166172898164,303646.5612033195,258346.16441908714,232795.70344917013,201814.9424273859,182221.5999740664,162341.09543568463,139324.0890819502,121752.5,107314.39302385892,94922.67258817428,74256.67518153528,57376.94020682054,43120.851108661824,30762.61637707469,19788.51236709025,14708.36122276971,9858.669233013485,7515.818314801608,5227.704855258039,2992.7645967728863,810.9443997584932,-0.00019778601856152545,0.0003891582310941704,0.0005229135271919219,-0.0007645604026762776,0.00046939053476104104,-0.005098870433712401,-0.00744093107484683,0.00967184043029532,0.03806093619572176,0.044750249237440434,0.03411863651513064,0.024816259803613686,0.03682839722059574,0.044138496842127124,0.01592846233320434,-0.004696937022862098,-0.02174032377504214,-0.03155009479443562
51,1007.603125,9.78040599822998,5.205176421441138e-06,1.4697548976982944e-05,4.35630181527813e-06,1.4196706388247549e-06,6.869900971651077e-06,-4.604844434652478e-07,323.5961303710937,347.02996826171875,344.71417236328125,343.0941772460937,340.002685546875,337.9034729003906,333.4084777832031,332.8705444335937,327.8067626953125,325.35699462890625,5.897531509399414,5.519020080566406,6.400965690612793,5.804955005645752,0.8306121230125427,295.8780288696289,298.6022720336914,0.000205504707992,0.0307523012161254,0.2784092426300049,0.0926451683044433,4.3536419980227947e-07,2.610147930681705e-06,-0.0013172328472137,-0.000202109105885,-538.14453125,2647149696.0,2778495488.0,2630401920.0,2778754432.0,-0.1927757263183593,616.39111328125,-1.5923695173114538e-05,-3.41357421875,-33.83935546875,-2.67864990234375,-5.357339978218079e-05,-121821.0,-9642.75,0.077998399734497,52.52154541015625,5.676457658410072e-05,9.075645357370377e-05,5.708751268684864e-05,9.8508782684803e-05,0.0001555932685732,300.2756133027129,-1.3209122698754072e-05,-1.0902062058448792e-05,-1.4323435607366264e-05,3.1634699553251262e-06,-8.759554475545883e-06,-7.595430361106992e-06,-4.1470746509730816e-05,-3.841542638838291e-05,-2.2540916688740253e-05,1.955777406692505e-07,1.6928301192820072e-05,2.4565670173615217e-05,3.498193109408021e-05,4.198076203465462e-05,5.0593866035342216e-05,4.954158794134855e-05,4.132383037358522e-05,3.4025986678898335e-05,2.54317419603467e-05,1.621851697564125e-05,1.410569529980421e-05,0.0447750203311443,0.2075972557067871,1.0553916692733765,4.283493518829346,33.559852600097656,99.07195264101028,41.39033508300781,92.13214111328124,61.6644721031189,37.4562807418406,29.6632416844368,69.90473180264235,78.98959291726351,83.22419738769531,86.43632507324219,85.5758591145277,85.71147131919861,85.75806459784508,86.39428749680519,87.64459969103336,87.23458862304688,303846.623046875,258460.73046875,232827.650390625,201949.771484375,182277.470703125,162507.150390625,139508.732421875,121925.611328125,107487.416015625,95076.7822265625,74379.064453125,57432.904296875,43145.4736328125,30753.74609375,19765.62158203125,14697.8662109375,9871.1474609375,7541.40869140625,5267.0927734375,3046.8076171875,876.581787109375,-0.0003997832536697,0.001761645078659,0.0055682957172393,-0.0054347515106201,0.0090342164039611,-0.013101577758789,0.0473589897155761,-0.0199973583221435,-0.0586566925048828,0.0081791877746582,0.0695018768310546,-0.0314521789550781,-0.2182569503784179,-0.2416267395019531,-0.1603860855102539,-0.1017799377441406,-0.054422378540039,-0.0326805114746093,4.442428707213813e-06,-6.391155198567459e-06,-1.5839266114307805e-06,5.852377734114588e-07,-6.258702356697052e-07,-3.00740965327146e-06,327.8059723933538,347.40955465634664,343.8771466175715,341.65120917161306,335.9556044022242,330.5855701287588,327.0164654016495,326.83133126099904,322.4468869845072,320.4141799370448,15.018087387558383,11.64453151014168,15.457409433679034,12.19879083187164,0.5098726338015694,293.1174672444661,300.83742065429686,1.053425172964732e-05,0.0011478265126546223,0.02991347312927246,0.0004316965738932292,-4.91369670877854e-08,-1.778399261335532e-07,-0.0015206724405288697,6.314863761266073e-06,-601.5236979166667,2637162862.9333334,2728297113.6,2616660232.5333333,2728632106.6666665,0.020764668782552082,572.0601236979167,-1.1864809008936087e-05,1.5651611328125,-30.481119791666668,0.92208251953125,5.762651562690735e-06,-109731.31666666667,3318.95,0.00924975872039795,36.44200642903646,2.839664618174235e-06,7.692103584607442e-07,2.9266191025575003e-06,8.789822459220886e-07,3.808488448460897e-06,300.98844213303977,-1.1815584730356932e-05,-1.205654116347432e-05,-6.933008747485777e-06,-3.1816113429764904e-07,-4.1924882680177685e-06,-1.092535094358027e-05,-2.1616330680747827e-05,-2.0735489670187235e-05,-2.4381539939592283e-05,-1.8034099290768306e-05,-1.3723721106847128e-05,-1.0152979909131924e-05,-3.0424057816465695e-06,-2.1251228948434194e-07,-4.825360762576262e-06,-5.095405504107475e-06,-4.430309248467286e-06,-3.6580332865317662e-06,-3.25724637756745e-06,-2.855714410543442e-06,-2.85200464228789e-06,0.04337830079408984,0.22637058893839518,0.9440721909205119,6.253998649741212,24.616444929937522,89.29014517366886,68.08425801595052,54.831017049153644,37.82927408441901,25.841925800343354,17.467315326134365,23.01931686302026,39.90876394261917,55.13738301595052,61.53275655110677,58.599803352355956,59.53107002004981,61.46049312104781,65.4396664361159,67.66462512761355,66.73878173828125,303812.53489583335,258489.83502604166,232925.253125,201923.41263020833,182312.98919270834,162416.92005208333,139404.26041666666,121845.59166666666,107413.27942708334,95027.55794270833,74365.32740885417,57492.098307291664,43235.13138020833,30873.969921875,19895.589192708332,14814.354915364584,9964.425130208334,7622.11201171875,5335.483235677083,3102.850065104167,923.5654459635417,0.000339081883430481,0.0014050304889678955,0.0009304304917653401,0.0023193200429280597,0.0036307493845621746,0.0013315439224243163,-0.0031510353088378905,0.0008940219879150391,0.027425034840901693,0.029400412241617838,0.021094830830891927,0.035615793863932294,0.06053371429443359,0.05935548146565755,0.020481236775716147,0.0015925089518229166,-0.009551525115966797,-0.014010206858317057
52,1009.020625,8.787664413452148,5.732990189244447e-07,1.8852744688047096e-05,8.316190360346809e-06,4.730106411443558e-06,6.511408514597861e-07,-3.190992003965221e-07,322.32574462890625,347.3076171875,344.9779052734375,343.3591613769531,339.8668518066406,337.1919860839844,332.70623779296875,332.1485900878906,327.4994201660156,325.11346435546875,6.45888090133667,4.831827640533447,7.090782642364502,5.233310699462891,0.8162325620651245,295.95372009277344,298.3201904296875,0.0001090252771973,0.0247893333435058,0.3075907230377197,0.0908288955688476,2.0978040993213654e-07,4.453817382454872e-06,5.7697296142578125e-05,-0.0001201042905449,109.31640625,2644746112.0,2774449792.0,2625706368.0,2774718080.0,0.0201225280761718,592.66748046875,-1.7914921045303345e-05,-4.48028564453125,-32.85968017578125,-3.12640380859375,5.58607280254364e-06,-118298.5,-11253.5,0.0858542919158935,51.86491394042969,3.954023122787476e-05,6.797118112444878e-05,3.028404898941517e-05,6.715208292007446e-05,9.743589907884598e-05,300.3113076853198,-1.2485688785091044e-05,-8.058617822825909e-06,-1.4999270206317306e-05,6.8653462221845984e-06,-8.58271960169077e-06,-1.4792211004532874e-05,-3.746547736227512e-05,-3.666564589366317e-05,-2.4800130631774664e-05,-2.412707544863224e-06,1.4633056707680224e-05,2.081500133499503e-05,3.5226461477577686e-05,4.1522434912621975e-05,4.809175152331591e-05,4.615786019712687e-05,3.714463673532009e-05,2.8690206818282604e-05,1.9009807147085667e-05,1.0337447747588158e-05,9.4900606200099e-06,0.041993711143732,0.1951521199080161,0.7803267240524292,5.4185285568237305,25.926868438720703,104.12123107910156,49.431129455566406,79.0318156927824,55.584922790527344,30.53028091415763,25.34103869646788,72.59761813282967,80.47151240333915,82.17331726849079,85.769287109375,85.07926177978516,85.4266818612814,86.21218079328537,87.21774291992188,89.00943756103516,88.87479400634766,303991.439453125,258729.0546875,232974.45703125,202114.728515625,182390.453125,162551.03515625,139592.609375,122008.48046875,107583.708984375,95177.8056640625,74467.216796875,57525.6982421875,43248.626953125,30859.5556640625,19871.7568359375,14804.822265625,9979.74169921875,7651.11962890625,5378.3037109375,3160.4794921875,993.57666015625,0.002486914396286,-0.0015414953231811,0.0106604993343353,-0.0125985145568847,0.0099293589591979,-0.0071430802345275,-0.0240519046783447,-0.0307593345642089,-0.0218839645385742,0.0438146591186523,0.0199289321899414,-0.0574426651000976,-0.1701622009277343,-0.1754722595214843,-0.1578273773193359,-0.1398277282714843,-0.075268268585205,-0.0409808158874511,2.88981770164468e-06,-5.983447770330415e-06,-1.9150164765519224e-06,-4.53899474451888e-07,1.3867498161692214e-06,-1.0341186331938394e-06,328.9599469687434,347.43829605292484,343.91397613113844,341.67403714191863,336.17074549346546,330.77251481812027,327.12028894384866,326.95499561040725,322.62556496299646,320.4066545715965,15.050060461920635,11.492173397380286,15.446804148396206,11.99967216735868,0.5285120243423993,293.4305641522546,299.5117625636184,7.658764039827086e-06,0.0013650284763193723,0.026473809080005187,0.000989415338919865,-3.918703970078116e-08,-3.707562322067522e-07,6.0897397797137376e-05,1.304667767647391e-05,-91.03789548755186,2637485484.082988,2727842422.9709544,2615871842.7883816,2728196340.315353,0.019619510381548237,578.7377463692947,-1.1650084119862047e-05,3.5773794087136928,-29.213111465897303,3.6341233629408713,5.450192452466339e-06,-105166.81742738589,13082.726141078838,0.007017737107652846,36.13110152814398,2.4587843428014226e-06,1.022213474843512e-06,2.1286865240310733e-06,1.0319827008544163e-06,3.16062285197721e-06,300.97683686161287,-1.2678753452267328e-05,-1.1168720651827598e-05,-7.486643744980398e-06,-2.296067181592073e-06,-3.3328168121209035e-06,-1.132340950329104e-05,-2.0950921536790383e-05,-1.9934702726444268e-05,-2.4956496455610047e-05,-1.8922403392950035e-05,-1.3068385994162302e-05,-9.091653092088046e-06,-3.4468750859691888e-06,-1.2237163206477383e-06,-5.264609039633601e-06,-5.751470474843167e-06,-4.784576981270462e-06,-3.5784340606561835e-06,-2.9632433306008455e-06,-2.635981021951343e-06,-2.851723248904177e-06,0.042126329251491616,0.21856018617996537,0.8822995730795553,5.822546792722837,23.88133064048419,89.70614085850379,67.74662549663876,57.30241338642801,38.460009151474566,24.663653419720188,18.01271319809791,22.795917086086828,38.286036360807934,54.12746281742555,61.05480865076864,58.679441048396576,60.29940426596962,62.76412815820132,67.19229790778576,71.91719697026296,71.85737718536646,304033.45539419085,258720.80082987552,233086.93996369294,202027.66986514523,182402.45085580912,162479.2815093361,139461.8520487552,121912.37876037344,107486.85347510374,95108.64516338175,74459.286469139,57593.300959543565,43331.48967518153,30966.32997276971,19987.687354123445,14908.477437759337,10062.621871758298,7723.180173755187,5439.963545043439,3211.4069672264004,1036.4311948910788,0.000980040344459882,0.0001648741144362327,0.0019561245233686137,0.003090743949304478,-0.0007098440807390015,-0.0019942653129704268,0.0008625410404442752,0.0013551158034455233,0.024688605945634642,0.023172505168993936,0.013608710894446156,0.03431792674717567,0.06438123141086942,0.058263869701084756,0.011259249137150302,-0.006464871133511491,-0.011470691791708539,-0.013557572582450645
53,1008.41625,7.375129222869873,5.940783012192696e-06,1.837788113334682e-05,2.634720885907882e-06,-9.406565482095176e-07,1.797002369130496e-06,3.213002173652057e-06,330.1718139648437,347.75762939453125,345.1407470703125,343.40234375,340.3009338378906,337.2325439453125,332.66998291015625,331.68511962890625,327.9176025390625,325.6591796875,5.786829948425293,3.952242851257324,5.957375526428223,3.88938307762146,0.6735132932662964,295.8784637451172,298.0941696166992,0.0003646221011877,0.029346227645874,0.2480521202087402,0.1161284446716308,1.364387571811676e-07,2.6775524020195007e-06,0.0010807216167449,-0.0001072343438863,471.7265625,2635170176.0,2761881856.0,2613841664.0,2762159104.0,-0.2413520812988281,504.39306640625,-1.972584868781269e-05,-4.78289794921875,-45.6376953125,-5.20855712890625,-6.704218685626984e-05,-164295.75,-18752.75,0.0945332050323486,50.66813659667969,8.415896445512772e-05,0.0001317774876952,0.0001012852881103,9.407009929418564e-05,0.0001953626051545,300.3558117451112,-1.1389507562853396e-05,-8.192582754418254e-07,-8.139293640851974e-06,2.066211891360581e-06,-7.192924385890365e-06,-2.2155334590934217e-05,-3.572774585336447e-05,-2.830149605870247e-05,-2.688152017071843e-05,-6.230256985872984e-06,1.4537363313138483e-05,2.029392635449767e-05,3.642542287707329e-05,3.910448867827654e-05,4.3081119656562805e-05,3.968656528741121e-05,3.0082184821367264e-05,2.2746273316442966e-05,1.3661570847034454e-05,7.351278327405453e-06,7.468857802450657e-06,0.0380288735032081,0.2215274692280218,0.6070784348994493,7.311462705954909,22.51742553710937,100.0617446899414,59.860618591308594,73.46893905103207,49.47980556637049,28.95767202228308,26.14511826261878,72.6118940114975,77.47596810758114,77.9690933227539,84.29554776847363,84.31864166259766,86.41333770751953,87.47665400803089,89.81836700439453,91.564453125,88.78230285644531,303918.80078125,258693.17578125,232929.064453125,201889.279296875,182269.208984375,162357.478515625,139443.6171875,121894.408203125,107474.765625,95077.7744140625,74376.4033203125,57459.1640625,43184.044921875,30785.548828125,19791.279296875,14723.9189453125,9900.78173828125,7573.88232421875,5303.44140625,3088.13427734375,923.408203125,-0.0002171099185943,-0.0046828687191009,0.0038435459136962,-0.0074356794357299,0.0036085844039916,0.0068259239196777,-0.0290007591247558,-0.0568408966064453,-0.0373749732971191,-0.0020875930786132,-0.0842752456665039,-0.0813932418823242,-0.125218391418457,-0.1371898651123047,-0.1922845840454101,-0.1710872650146484,-0.084446907043457,-0.0422024726867675,1.8123749566665777e-06,-5.615677726044285e-06,-1.3372385117077038e-06,1.2527550508443833e-07,2.5755230211950765e-06,-1.933665420000609e-09,334.7649603525797,347.474258184433,343.9913940191269,341.7463079531988,336.38668597539265,330.8671678384145,327.3194444815318,327.4611307382584,323.1964285850525,321.1320441563924,15.498643306906644,11.55417223374049,15.690577280668853,11.770644874249896,0.5351690265396125,293.4229990641276,298.4152079264323,1.142422358194987e-05,0.0011909802754720051,0.02533117135365804,0.0006846110026041667,-2.7260587861140568e-08,-1.405598595738411e-07,0.0011411031087239583,-2.1660079558690387e-06,310.67291666666665,2631097378.133333,2720541090.133333,2608481800.5333333,2720905506.133333,-0.027591196695963542,602.6445963541667,-1.1501273062701027e-05,2.7458821614583333,-28.91195068359375,2.8602010091145833,-7.66490896542867e-06,-104082.48333333334,10296.525,0.005078307787577311,35.7656632706523,2.759819229443868e-06,1.3813065985838573e-06,3.173047055800756e-06,1.3893470168113708e-06,4.565125952164332e-06,300.96695587414655,-1.2830079261523982e-05,-1.0613605263642967e-05,-7.394425726185242e-06,-3.1534805505846936e-06,-2.831492262581984e-06,-1.2466211531621714e-05,-1.9963978168865044e-05,-1.912344014272094e-05,-2.5234619776407878e-05,-1.963534935687979e-05,-1.2980968070526918e-05,-8.01747664809227e-06,-3.931997343897819e-06,-2.5721111645301183e-06,-5.502548689643542e-06,-6.246504684289296e-06,-5.002785474061966e-06,-3.7915538996458054e-06,-3.115778478483359e-06,-2.948520705103874e-06,-3.227832106252511e-06,0.0390177384018898,0.23601676837230723,0.8349824991387625,5.395606722186009,24.572981770833334,92.36673903663953,68.6032608350118,59.886758608619374,40.58919097483158,24.409898635496695,19.402156493564448,22.220803920179605,37.11297932068507,53.53432871500651,60.77806504070759,59.99166123966376,62.42826181997855,65.33744750618935,69.54983311494192,76.0143817772468,76.03388168811799,303875.8216145833,258631.06106770833,232979.95260416667,201869.03802083334,182243.73528645834,162327.32083333333,139319.72734375,121779.510546875,107362.44270833333,94992.03899739584,74358.3302734375,57506.36907552083,43247.986328125,30883.638834635418,19907.780240885415,14832.069270833334,9991.80810546875,7656.182389322917,5377.045572916667,3152.7316080729165,982.1296875,0.00068570077419281,-0.0018437941869099935,0.0009812513987223308,0.00162734587987264,-0.001901721954345703,-0.0038697004318237306,-0.006652959187825521,-0.004853693644205729,0.014123948415120442,0.009521039326985677,-0.003269449869791667,0.004827690124511719,0.032236607869466145,0.026618321736653645,-0.007821210225423177,-0.013602193196614583,-0.012027517954508463,-0.011681715647379557
54,1008.088125,7.326790332794189,1.7499036403023638e-05,1.5895806427579373e-05,8.3339864431764e-06,-4.552242899080738e-06,8.373699529329315e-06,-5.935856279393192e-06,337.5366516113281,347.7716979980469,345.3657531738281,343.9004211425781,340.3277893066406,336.62841796875,332.1732788085937,332.4964599609375,328.50799560546875,326.12811279296875,6.154041290283203,5.529927730560303,5.884470462799072,5.076497077941895,0.5517328977584839,295.4492721557617,297.48242950439453,0.0002471413463354,0.0402743816375732,0.2122101783752441,0.1480512619018554,1.605367287993431e-07,2.6532215997576718e-06,0.0006620734930038,-0.0002358071506023,265.90625,2626165888.0,2752404608.0,2602331392.0,2752678272.0,-0.5942764282226562,398.703125,-1.978559885174036e-05,-5.904296875,-47.710205078125,-4.4161376953125,-0.0001650741323828,-171756.0,-15898.75,0.0920463800430297,50.47983184456825,5.80931082367897e-05,0.0001895558089017,6.864825263619423e-05,0.0001236363314092,0.0001922869123518,300.38764382706205,-1.3212149497121572e-05,1.085689291357994e-06,-2.362678060308099e-06,-5.868103471584618e-06,-7.529306458309293e-07,-1.854488800745457e-05,-2.3878354113548997e-05,-1.686613541096449e-05,-1.3849639799445868e-05,-5.233101546764374e-06,1.3925484381616116e-05,2.1327054128050804e-05,2.7737696655094624e-05,2.963305450975895e-05,3.422889858484268e-05,2.7295667678117752e-05,1.972063910216093e-05,1.606810837984085e-05,1.1725001968443394e-05,3.204448148608208e-06,3.243330866098404e-06,0.0438173860311508,0.2983140358119271,0.6409521698951721,7.111149787902832,20.76304817199707,86.42093658447266,72.89476013183594,81.4523554444313,58.89863586425781,35.64311981201172,43.21124483644962,70.00524139404297,72.76506035402417,76.39509588479996,85.94579315185547,86.89872741699219,87.87551879882812,90.18699645996094,92.42616271972656,92.98387145996094,90.90079498291016,303516.2421875,258537.216796875,232951.734375,201674.65625,182161.28515625,162202.9375,139271.873046875,121767.208984375,107348.822265625,94959.5966796875,74328.197265625,57437.72265625,43159.966796875,30751.728515625,19760.30224609375,14696.404296875,9875.326171875,7549.037109375,5280.046875,3067.99658203125,908.8671875,0.0002243220806121,-0.0083614587783813,-0.009846806526184,0.00816011428833,-0.0019070506095886,0.0153560638427734,0.0170371532440185,-0.0863194465637207,-0.1231927871704101,-0.1077165603637695,-0.1926898956298828,-0.1518135070800781,-0.1133174896240234,-0.2042360305786132,-0.2755622863769531,-0.1774864196777343,-0.0752739906311035,-0.0241570472717285,-1.9812313410068635e-07,-5.474586612012089e-06,-2.054025131282993e-06,-3.569526573320945e-07,1.1883675460076472e-06,-7.744808868758797e-07,339.7364009304337,347.80771260321893,344.2179604059533,341.938289609814,336.6907339172442,331.1100388263061,328.1349460027286,328.76872320823105,324.0895047139764,322.01858202008674,15.657205483181103,12.132133407637118,15.652197643548629,12.091384139950348,0.5391735499590016,293.2721883138021,297.4659189860026,1.5647647281487782e-05,0.0010788599650065104,0.027225335439046223,0.0007369677225748698,-2.6197327921787898e-08,-5.5351605017979937e-08,-3.86883815129598e-05,1.1343819399674734e-05,-64.42239583333334,2628792866.133333,2716875963.733333,2606289877.3333335,2717254638.9333334,-0.05670216878255208,556.8960286458333,-1.2746131202826897e-05,1.56517333984375,-30.338700358072916,1.7046061197916667,-1.5749409794807433e-05,-109218.21666666666,6137.6,0.005330141385396322,35.22210173159838,5.057081580162048e-06,1.8946826457977296e-06,4.346482455730438e-06,1.8659047782421112e-06,6.212914983431498e-06,301.10261769279634,-1.2753987296794852e-05,-9.777810191735625e-06,-6.396851191918055e-06,-3.960203806248804e-06,-2.2182852262631058e-06,-1.4354411784249047e-05,-2.2489802601436772e-05,-1.924276196708282e-05,-2.490499367316564e-05,-2.01245731053253e-05,-1.465046467880408e-05,-8.417371039589247e-06,-3.7571298889815807e-06,-3.835566652317842e-06,-5.402027939756711e-06,-5.98588182280461e-06,-5.238130688667297e-06,-4.187823894123236e-06,-3.5857859378059707e-06,-2.989483376344045e-06,-3.108560728530089e-06,0.04149843156337738,0.25404250987727817,0.8224766229124119,4.997750981648763,24.347135931750138,90.61010068655014,72.24146727770567,63.06440391341845,43.75669861013691,26.218852233886718,22.122136299343158,21.971172587076822,36.137820161134,52.26486646384001,60.484030659993486,60.44167666484912,62.78973012566566,65.63428459564845,69.97416493743658,78.00558980305989,78.75252052446207,303556.2083333333,258501.35677083334,232883.14166666666,201761.734765625,182140.89583333334,162196.54583333334,139199.09791666668,121669.53411458334,107258.38489583334,94894.79264322917,74286.023046875,57453.282877604164,43199.62799479167,30840.8484375,19872.640852864584,14802.342220052084,9966.856022135416,7633.530143229166,5356.5501953125,3134.887109375,967.33681640625,0.00021932323773701985,-0.0025040904680887857,-0.0003980398178100586,0.00033037662506103517,-0.00143965482711792,0.0010969956715901692,-0.007417837778727214,-0.0039435704549153645,0.01543731689453125,0.013636207580566407,0.014234606424967449,0.026447168986002603,0.046181869506835935,0.04459088643391927,0.012834993998209636,0.0026753743489583335,0.004013284047444662,0.005521233876546224
55,1009.818125,7.26692008972168,2.617856262077112e-05,1.8133676348952577e-05,2.4228393158409745e-06,-8.353643352165818e-06,8.55388498166576e-06,-8.76379544934025e-06,335.723876953125,347.03082275390625,345.2560119628906,343.76641845703125,340.36920166015625,336.34063720703125,332.1930847167969,331.83172607421875,328.1866760253906,325.933349609375,6.900391578674316,6.245602130889893,6.536343574523926,6.069960117340088,0.5665627717971802,295.25791931152344,297.1215591430664,0.000299634411931,0.0768313407897949,0.2616547346115112,0.2432212829589843,-8.393544703722e-08,8.09843186289072e-07,-0.0025453269481658,-0.0003525661304593,-1002.4609375,2618733056.0,2743984128.0,2590468608.0,2744261120.0,-1.040487289428711,266.8583984375,-2.0293780835345387e-05,-7.58050537109375,-44.7315673828125,-4.768798828125,-0.0002890257164835,-161036.0,-17169.0,0.0923223495483398,50.0842095464468,9.79187898337841e-05,0.0002369415014982,8.323555812239647e-05,0.0001955849584192,0.0002788226120173,300.4118969925051,-9.158015018329024e-06,-6.754184141755104e-06,1.2163654901087284e-06,-6.524191121570766e-06,5.321577191352844e-06,-7.232782081700861e-06,-1.894589513540268e-05,-2.0488863810896877e-05,-1.478573540225625e-05,-8.610310032963753e-06,1.0138261131942272e-05,2.2950000129640102e-05,2.3680098820477724e-05,2.2634747438132763e-05,3.2961019314825535e-05,3.1074159778654575e-05,2.372113522142172e-05,1.9735656678676605e-05,1.4656921848654749e-05,5.51925040781498e-06,3.789900802075863e-06,0.0433426052331924,0.3436515927314758,0.8000069260597229,4.813199520111084,22.962055206298828,77.02217864990234,73.35815307497978,85.93189179897308,62.15732567757368,42.73756963759661,40.03133392333984,66.40568684786558,76.2219009026885,79.83718878030777,88.22776801884174,88.79283142089844,88.56594848632812,89.97805786132812,92.38775634765624,93.16696166992188,91.564453125,303620.431640625,258493.53125,233089.361328125,201767.42578125,182270.306640625,162347.263671875,139348.708984375,121860.345703125,107457.81640625,95078.4521484375,74440.5234375,57550.3271484375,43272.6787109375,30865.74755859375,19883.3828125,14824.14208984375,10006.63330078125,7681.8515625,5415.33740234375,3207.68359375,1054.937255859375,-0.0003589987754821,0.0049496889114379,-0.0056937336921691,0.0126588344573974,-0.0081230401992797,0.0035174489021301,0.0248026847839355,-0.0712804794311523,-0.1078090667724609,-0.0986900329589843,-0.1716833114624023,-0.1960515975952148,-0.1932010650634765,-0.2600574493408203,-0.2831554412841797,-0.1617870330810547,-0.0474967956542968,0.0008749961853027,-1.7301017670903171e-06,-3.277353927049499e-06,-1.30079635589526e-06,1.1247405052363288e-07,-4.824847959693698e-07,-2.6108777643078784e-06,339.9977174917857,347.6710641225179,344.18373883565266,341.8331599156062,336.6167644818624,330.92872349421185,327.9427433013916,328.7965309619904,323.39405404726665,321.2452488183975,16.728738424244025,13.050751680787652,16.750597037064534,13.00040574441664,0.5700249140863889,293.258056640625,297.02508138020835,1.2748750547568003e-05,0.00072174072265625,0.02427225907643636,0.0005524317423502604,-1.3581787546475729e-08,-2.8812792152166367e-08,-0.00230041245619456,-1.1671769122282664e-05,-890.6283854166667,2629351577.6,2716236834.133333,2605817557.3333335,2716633019.733333,-0.03455556233723958,487.56360677083336,-1.3814005069434642e-05,-0.9155598958333333,-31.4263427734375,0.5479777018229167,-9.60001101096471e-06,-113135.56666666667,1973.1,0.004905931154886882,34.74306424210469,3.1846885879834493e-06,1.4610898991425831e-06,3.542207802335421e-06,1.2497417628765107e-06,4.7905991474787395e-06,301.08886982971455,-1.2039507661635676e-05,-9.98127507045865e-06,-5.719822365790606e-06,-4.023809257584313e-06,-2.117338590323925e-06,-1.5626516930448512e-05,-2.3176563748468954e-05,-1.9180658273398877e-05,-2.364537212997675e-05,-2.05844989977777e-05,-1.468352663020293e-05,-8.524605073034764e-06,-3.998897348841032e-06,-4.312396049499511e-06,-6.4943373824159305e-06,-7.145036943256855e-06,-6.001310733457407e-06,-4.945097801585992e-06,-4.195437456170718e-06,-3.2125739380717277e-06,-3.177269051472346e-06,0.04357174138228099,0.2815213050150002,0.8298930943012237,4.7502222361663975,23.468587042142946,85.93790828386942,75.08243689586719,62.48282427142064,43.3803720459342,26.390209233264127,23.48075917561849,21.606455578655005,34.99262818644444,50.89269441862901,60.334899028390645,60.61743062337239,62.684248399486144,65.98426106671492,70.86851914376021,79.74253168006739,80.61548360139132,303581.0305989583,258554.74583333332,232996.419140625,201864.758203125,182228.457421875,162251.56341145834,139251.78723958333,121737.03372395833,107335.17643229167,94978.94036458334,74384.46966145834,57558.415299479166,43306.29244791667,30951.166829427082,19983.079524739584,14915.310774739582,10084.006412760416,7752.996223958334,5478.433951822916,3259.4748697916666,1094.510888671875,0.0006063361962636312,-0.0014122088750203451,-5.4995218912760414e-05,0.0013736565907796225,0.002805757522583008,0.00628126859664917,-0.0035688400268554686,0.002649243672688802,0.022804387410481772,0.020406468709309896,0.016293462117513022,0.025549888610839844,0.043170801798502606,0.04823849995930989,0.03074506123860677,0.02453479766845703,0.031112480163574218,0.0344485600789388
56,1011.82125,8.629134178161621,2.272229357913602e-05,1.4435319826588966e-05,6.127592314442154e-06,-8.041362889343873e-06,-3.462164386291988e-07,-6.878045041958103e-06,331.7782592773437,346.5087890625,345.1820678710937,343.6084899902344,339.76678466796875,335.96026611328125,332.12091064453125,331.6551818847656,327.516845703125,325.3178100585937,8.325569152832031,7.281400203704834,8.24647331237793,7.560899257659912,0.6117987632751465,295.0227584838867,298.50770568847656,0.0002345750108361,0.1251629590988159,0.2568809986114502,0.2731647491455078,1.6714329831302169e-07,1.0663643479347229e-07,-7.610023021697998e-05,-0.0003112256526947,47.83203125,2614590976.0,2739144832.0,2582114688.0,2739436160.0,-1.126689910888672,221.8720703125,-3.303273115307093e-05,-35.02978515625,-73.651611328125,-32.7794189453125,-0.0003129728138446,-265149.5,-118007.75,0.0941692590713501,49.80691143870354,8.099153637886047e-05,0.0002515483647584,6.516138091683388e-05,0.0002363733947277,0.0003015333786606,300.43107421875,-4.9551454139873385e-06,-1.1304451618343592e-05,-2.582150045782328e-06,-1.877400791272521e-06,7.99988629296422e-06,-5.331443389877677e-06,-2.0449922885745764e-05,-2.42643291130662e-05,-1.681613503023982e-05,-1.3729557394981384e-05,5.059177055954933e-06,2.190645318478346e-05,2.2179854568094012e-05,2.0650331862270832e-05,3.090582322329283e-05,3.128591924905777e-05,2.6796013116836548e-05,2.0381412468850613e-05,1.432711724191904e-05,1.1499621905386448e-05,1.0220683179795742e-05,0.0431201457977294,0.2799515724182129,0.8768081068992615,3.6968496395275,24.995954513549805,85.71878778934479,72.24303436279297,85.2340689599514,65.0103854238987,45.7831124663353,42.0409523062408,67.48840192332864,78.62222292274237,82.6114349141717,88.31871795654297,87.11050415039062,86.62349700927734,86.84062194824219,87.26665498316288,85.73255920410156,84.37347410619259,304022.353515625,258826.771484375,233344.892578125,202069.25390625,182493.302734375,162552.30859375,139518.16796875,122037.20703125,107622.623046875,95238.3984375,74598.4921875,57719.822265625,43448.662109375,31052.38330078125,20071.57080078125,15010.53466796875,10190.9228515625,7864.38427734375,5595.41259765625,3385.04541015625,1233.037353515625,0.0013146549463272,0.0029904246330261,-0.0052570700645446,0.0046590566635131,-0.0096595883369445,-0.0067616701126098,-0.0009026527404785,-0.1319518089294433,-0.2229080200195312,-0.2207565307617187,-0.2259950637817382,-0.2520351409912109,-0.2444267272949218,-0.2323532104492187,-0.2331275939941406,-0.1610555648803711,-0.0817837715148925,-0.0534496307373046,-1.5723839465781506e-06,-1.72524922197638e-06,-1.3641203074093133e-06,6.47340407126607e-07,-3.026997610145583e-07,-2.917735773721082e-06,338.6522339979808,347.3883359193802,344.03771715164186,341.63273119131725,336.34242091178896,330.60161546071373,327.50950674215954,328.86753103733065,322.75956167380014,320.6042485713959,17.024286927406987,13.434067970871304,17.079931605009673,13.395408153852138,0.5929290546435368,293.14880828857423,299.9277959187826,8.53675107161204e-06,0.0005903561909993489,0.01799492835998535,0.00034688313802083335,-3.905151970684528e-08,2.7124769985675813e-09,0.00038012961546579995,-2.0309537649154664e-05,16.883072916666666,2632315938.133333,2718667639.4666667,2607638007.4666667,2719088802.133333,-0.053163401285807294,402.70654296875,-2.1287436053777733e-05,-53.18417154947917,-47.7647705078125,-41.732259114583336,-1.4767299095789591e-05,-171954.4,-150236.28333333333,0.002387237548828125,34.52977914313475,2.573896199464798e-06,8.905616899331411e-07,2.369812379280726e-06,9.306396047274272e-07,3.3023146291573844e-06,301.07712594729816,-1.2148483074270189e-05,-1.1353109342356522e-05,-5.719030741602182e-06,-3.2642817435165247e-06,-1.587974838912487e-06,-1.6299128765240313e-05,-2.334366242090861e-05,-1.9332087443520626e-05,-2.2868020460009574e-05,-2.117977322389682e-05,-1.5137686083714168e-05,-8.720485493540763e-06,-4.424903697023789e-06,-5.055366394420465e-06,-6.999238394200802e-06,-8.017973353465398e-06,-6.732352388401826e-06,-5.698483437299728e-06,-4.746664005021254e-06,-4.134816117584706e-06,-4.107831045985222e-06,0.042136430740356445,0.2832141558329264,0.7813954627451797,4.611397958484789,22.69465043693781,81.00243405203024,75.54804023106892,61.20275159478187,42.63893411854903,26.586560489237307,23.207174782454967,21.628719982753196,34.669543762753406,50.881398205955826,59.24075367699067,59.190332143505415,60.21006622314453,63.302236936986446,67.75355217978358,73.6447570969661,70.40314910312493,304025.60716145835,258843.76354166667,233281.312890625,202101.569921875,182435.43359375,162418.13580729166,139410.0890625,121900.31471354167,107497.9796875,95142.17298177084,74548.14231770833,57719.52623697917,43466.455729166664,31110.467252604165,20138.272493489585,15068.76005859375,10235.694986979166,7903.197135416666,5627.168782552083,3405.689908854167,1236.3044759114584,-0.0006580084562301635,-0.0008498946825663249,1.3363361358642577e-05,-0.0004935622215270996,-0.0013003230094909668,0.0008759419123331706,-0.007187080383300781,0.0017952919006347656,0.02631861368815104,0.02590325673421224,0.011258506774902343,0.006503041585286458,0.006335830688476563,0.005768966674804687,-0.004038810729980469,-0.01813958485921224,-0.021680005391438804,-0.023261578877766927
