,Pmin,w10max,div100,div200,div250,div300,div400,div500,eqt1000,eqt200,eqt250,eqt300,eqt400,eqt500,eqt600,eqt700,eqt850,eqt925,sh850_200,sh850_250,sh925_200,sh925_250,wstrss10,2mdewtmp,2mtmp,conv_ppt,tot_cld_ice,tot_cldwtr,tot_cld_rain,vi_div_cld_froz_wtr,vi_div_cld_liq_wtr,vi_div_mass_flux,vi_div_moisture_flux,vi_div_tot_enrgy_flux,vi_pe_inte,vi_pe_ie_latentenrgy,vi_olr,vi_tot_enrgy,vi_moisture_div,cape,inst_moisture_flux,inst_ssh_flux,surfmean_lhf,surfmean_shf,vimean_moisture_div,surf_lhf,surf_shf,tot_suprcool_liqwtr,tot_wtr_vpr,conv_rrate,ls_rrate,mn_conv_prate,mn_ls_prate,mn_tot_prate,sst,vort_10,vort_20,vort_30,vort_50,vort_70,vort_100,vort_150,vort_200,vort_250,vort_300,vort_400,vort_500,vort_600,vort_700,vort_800,vort_850,vort_900,vort_925,vort_950,vort_975,vort_1000,rhum_10,rhum_20,rhum_30,rhum_50,rhum_70,rhum_100,rhum_150,rhum_200,rhum_250,rhum_300,rhum_400,rhum_500,rhum_600,rhum_700,rhum_800,rhum_850,rhum_900,rhum_925,rhum_950,rhum_975,rhum_1000,gpot_10,gpot_20,gpot_30,gpot_50,gpot_70,gpot_100,gpot_150,gpot_200,gpot_250,gpot_300,gpot_400,gpot_500,gpot_600,gpot_700,gpot_800,gpot_850,gpot_900,gpot_925,gpot_950,gpot_975,gpot_1000,vvel_10,vvel_20,vvel_30,vvel_50,vvel_70,vvel_100,vvel_150,vvel_200,vvel_250,vvel_300,vvel_400,vvel_500,vvel_600,vvel_700,vvel_850,vvel_925,vvel_975,vvel_1000,out_div100,out_div200,out_div250,out_div300,out_div400,out_div500,out_eqt1000,out_eqt200,out_eqt250,out_eqt300,out_eqt400,out_eqt500,out_eqt600,out_eqt700,out_eqt850,out_eqt925,out_sh850_200,out_sh850_250,out_sh925_200,out_sh925_250,out_wstrss10,out2mdewtmp,out2mtmp,outconv_ppt,outtot_cld_ice,outtot_cldwtr,outtot_cld_rain,outvi_div_cld_froz_wtr,outvi_div_cld_liq_wtr,outvi_div_mass_flux,outvi_div_moisture_flux,outvi_div_tot_enrgy_flux,outvi_pe_inte,outvi_pe_ie_latentenrgy,outvi_olr,outvi_tot_enrgy,outvi_moisture_div,outcape,outinst_moisture_flux,outinst_ssh_flux,outsurfmean_lhf,outsurfmean_shf,outvimean_moisture_div,outsurf_lhf,outsurf_shf,outtot_suprcool_liqwtr,outtot_wtr_vpr,outconv_rrate,outls_rrate,outmn_conv_prate,outmn_ls_prate,outmn_tot_prate,outsst,outvort_10,outvort_20,outvort_30,outvort_50,outvort_70,outvort_100,outvort_150,outvort_200,outvort_250,outvort_300,outvort_400,outvort_500,outvort_600,outvort_700,outvort_800,outvort_850,outvort_900,outvort_925,outvort_950,outvort_975,outvort_1000,outrhum_10,outrhum_20,outrhum_30,outrhum_50,outrhum_70,outrhum_100,outrhum_150,outrhum_200,outrhum_250,outrhum_300,outrhum_400,outrhum_500,outrhum_600,outrhum_700,outrhum_800,outrhum_850,outrhum_900,outrhum_925,outrhum_950,outrhum_975,outrhum_1000,outgpot_10,outgpot_20,outgpot_30,outgpot_50,outgpot_70,outgpot_100,outgpot_150,outgpot_200,outgpot_250,outgpot_300,outgpot_400,outgpot_500,outgpot_600,outgpot_700,outgpot_800,outgpot_850,outgpot_900,outgpot_925,outgpot_950,outgpot_975,outgpot_1000,outvvel_10,outvvel_20,outvvel_30,outvvel_50,outvvel_70,outvvel_100,outvvel_150,outvvel_200,outvvel_250,outvvel_300,outvvel_400,outvvel_500,outvvel_600,outvvel_700,outvvel_850,outvvel_925,outvvel_975,outvvel_1000
0,1003.345625,13.242209434509276,5.8215482567902654e-05,3.975062281824648e-05,2.1484745957423e-05,1.0264615411870182e-05,-8.615861588623375e-06,-1.4197428754414432e-05,337.1619873046875,356.49139404296875,355.5675048828125,352.8329467773437,346.6861877441406,342.8827514648437,340.99664306640625,343.167236328125,335.6313171386719,333.33905029296875,13.127781867980955,11.540956497192385,13.883462905883787,12.576597213745115,1.3208627700805664,298.41961669921875,300.87522888183594,0.001898419111967,0.5027886629104614,0.2338035106658935,0.5650224685668945,1.3485376257449389e-05,-3.991415724158287e-06,-0.0006773471832275,-0.0007376372814178,231.21484375,2700742656.0,2865050880.0,2700744192.0,2865629056.0,-2.8348464965820312,765.6435546875,-9.709910955280066e-05,-33.62127685546875,-262.547607421875,-41.92401123046875,-0.0007874444127082,-945172.25,-150929.0,0.1517772674560547,65.70197421312332,0.0004384103231132,0.0005048820748925,0.000527340453118,0.0004599438980221,0.0009872857481241,304.3545722961426,3.042737080249936e-05,-1.6481615602970123e-05,-7.016205927357078e-06,-1.2721808161586525e-05,-2.764922101050616e-06,-6.262096576392651e-06,-1.0218762326985598e-05,-1.570803578943014e-05,9.192735888063908e-07,2.294126898050308e-05,4.614726640284061e-05,5.657167639583349e-05,5.701207555830479e-05,7.821054896339774e-05,7.334747351706028e-05,7.504329551011324e-05,7.869990076869726e-05,7.835589349269867e-05,7.728557102382183e-05,7.327890489250422e-05,6.71466113999486e-05,0.0324234329164028,0.1628595888614654,0.9265815760008992,4.671744843944907,24.633285522460938,87.57557632029057,94.1878433227539,96.10370653867722,95.07225059717894,88.83716583251953,74.45635245740414,71.80098724365234,86.31449942290783,83.35675811767578,84.28162384033203,85.76817321777344,88.34741973876953,90.78221130371094,92.77911376953124,89.84344482421875,83.58213806152344,305771.87109375,259782.32421875,234213.46484375,203042.53515625,183524.794921875,163813.833984375,140714.056640625,122849.986328125,108058.60546875,95383.24609375,74432.7939453125,57420.7919921875,43055.8427734375,30572.2626953125,19484.04833984375,14374.0419921875,9509.51904296875,7161.6689453125,4866.8447265625,2621.75146484375,419.8427734375,0.0008519291877746,0.0094946324825286,0.0007760226726531,0.0022233128547668,-0.0060858130455017,0.0182694196701049,-0.2434134483337402,-0.5077805519104004,-0.6613082885742188,-0.7356510162353516,-0.7524223327636719,-0.6274824142456055,-0.4734601974487304,-0.3416833877563476,-0.285003662109375,-0.1716632843017578,-0.0594053268432617,-0.0041251182556152,1.2119293519249056e-05,9.462843203694705e-06,4.692273521107627e-06,2.4411516279152555e-06,-3.214015271276752e-06,-2.7255368505138924e-06,334.9185781835026,354.8917330191838,352.1243862452843,349.43457231482034,342.325967986554,335.9528489409641,331.3277090792834,332.5991242357309,328.1902920813976,327.15720722784147,15.378985917655545,12.808547697974856,15.629308327251882,13.007386922724235,1.0467541597448329,297.88082607158486,302.2515786831804,0.0003012998099149,0.1252889435320969,0.0715475913399977,0.0732947385162733,-6.98192922313431e-07,-4.606568776225648e-08,-1.9378187250794216e-05,-0.0001007567364645,94.0378468620332,2701569781.377593,2824060310.8381743,2701085411.319502,2824607272.365145,-0.3806470815571512,894.6334284232365,-6.849240971520482e-05,-20.781519466415972,-174.58688671064576,-25.128493946122926,-0.0001057355328466,-628512.2987551867,-90462.98340248964,0.0359085605352251,48.98044930355183,7.755862726710149e-05,6.520377155161498e-05,8.369393306649077e-05,6.61094962808601e-05,0.0001497984674461,303.6735286272927,9.831327003527324e-06,-1.057576440290173e-05,-7.358095386448119e-06,-7.644982349622176e-06,-6.137426393840818e-06,-1.1888530715929029e-05,-1.7302268265874058e-05,-1.1934545200271723e-05,-1.02013258719469e-05,-6.037939115740452e-06,-2.202427177013698e-06,2.344605547696723e-06,5.125252653639841e-06,2.4801381009619265e-06,-2.511576034468734e-07,-4.214731226694534e-06,-6.894032273797078e-06,-7.5651303752947645e-06,-7.882422508664152e-06,-7.2845085852497345e-06,-6.214526184366946e-06,0.0278077995968804,0.1882838971634623,0.7474405301340635,3.8024760287456,30.43672930452339,80.93955986628394,78.39632029553172,63.79481460345731,55.43229098760241,55.52134358783975,45.19464905677495,41.41949402741872,48.431109092294925,53.890692592656464,60.71068751070015,64.61907199210646,73.01574186591192,81.84260463912457,86.58451545683675,82.78702322526591,76.433326353176,305760.94865145226,259932.9784751037,234285.1237033195,203059.8609958506,183481.94281639004,163785.0619813278,140578.47964211617,122759.08156120332,108037.96032157676,95425.13316908712,74538.39717323652,57567.95061268153,43241.04950077801,30785.1515657417,19700.832274377597,14580.097640041491,9703.054201244811,7350.400287295773,5051.0845070993255,2799.745583182054,592.0298054168828,-0.00024681887686,-0.0005477637176197,0.0018142580491378,0.0004579691966044,0.0012097415587714,0.0041074347199246,-0.0232510309496361,-0.0809103898487645,-0.1161755882358155,-0.1327590269666489,-0.1278955135108029,-0.090714351764853,-0.0696230092978576,-0.0457011852026975,-0.0271514678891763,-0.009767255347794,-0.0032862785940843,-0.0037377662183832
1,1004.48125,14.061126708984377,5.340608913684264e-05,4.118528158869594e-05,1.7549855328979902e-05,1.6187945220735855e-05,-1.9219635305489646e-06,-2.1164960344322022e-05,336.9212646484375,355.8495483398437,354.90899658203125,352.8540344238281,346.2747802734375,342.0102844238281,340.8617553710937,341.619873046875,335.1958312988281,332.6793212890625,14.753015518188477,11.85695457458496,15.456449508666992,12.547890663146973,1.380295753479004,298.39874267578125,301.21983337402344,0.001248319633305,0.4119524955749511,0.1960154771804809,0.5234775543212891,1.193478237837553e-05,-2.52528116106987e-06,-0.0017193704843521,-0.0006408281624317,-147.8203125,2702286080.0,2863289984.0,2702288000.0,2863921280.0,-1.7562255859375,876.853515625,-0.0001006327511277,-31.65185546875,-276.0020751953125,-37.8331298828125,-0.0004878118634223,-993606.5,-136202.0,0.1049546003341674,64.38135716319084,0.0003039697185158,0.0004273382946848,0.0003467551432549,0.0004170117899775,0.0007638130336999,304.3545722961426,1.0780917364172636e-05,-1.627154415473342e-05,-8.261064067482948e-06,-1.4992401702329516e-05,-1.1499214451760054e-06,-1.3228505849838257e-05,-1.1895783245563509e-05,-1.6948790289461613e-05,1.3491197023540735e-05,4.1212537325918674e-05,4.928407724946737e-05,6.414868403226137e-05,6.99399970471859e-05,8.35213577374816e-05,7.4711162596941e-05,7.749069482088089e-05,7.955823093652725e-05,7.832178380340338e-05,7.472222205251455e-05,7.091392762959003e-05,6.561819463968277e-05,0.0329167209565639,0.1326469182968139,0.878577470779419,3.571044445037842,26.979568481445312,83.06780219078064,95.5030288696289,96.67927551269533,93.50714100897312,87.57621762529016,70.39658486843109,69.83634167909622,83.92234802246094,79.87246704101562,83.06742875277996,83.59153760969639,86.38697052001953,89.24199676513672,92.31570434570312,89.7982406616211,82.94656372070312,305741.13671875,260070.26953125,234368.015625,203063.45703125,183560.33984375,163784.98828125,140685.392578125,122864.138671875,108096.203125,95431.205078125,74470.0703125,57470.8173828125,43114.2109375,30631.34765625,19549.66162109375,14440.52099609375,9576.47216796875,7228.26708984375,4932.77099609375,2686.893798828125,483.65478515625,0.0033349990844726,-0.004063457250595,0.0005649328231811,0.0157312750816345,0.0025413036346435,0.0179845094680786,-0.1799194812774658,-0.4007859230041504,-0.5497970581054688,-0.6250505447387695,-0.7505006790161133,-0.6075859069824219,-0.3573875427246094,-0.2147092819213867,-0.1854887008666992,-0.1108207702636718,-0.0315127372741699,0.0081486701965332,1.369515465269658e-05,8.708657726903209e-06,2.945218907521192e-06,-2.2865318067185247e-07,-5.141193755041814e-06,-3.216440933560827e-06,334.47266296545666,354.3729047695796,351.85250898996986,349.3404992580414,342.1944439490636,335.8225601196289,331.2953652938207,332.2490660985311,328.24859329859413,327.153045463562,15.134726990332515,12.565613312580778,15.542259231411542,13.133261259404632,1.104330310032431,298.10749867757164,301.96529897054035,0.0002500561376412,0.1135244051615397,0.0690199931462605,0.0709750493367513,-5.387662289043267e-07,-5.60772605240345e-08,-0.0012086232503255,-5.843900144100189e-05,-286.05104166666666,2703745245.866667,2826205038.9333334,2703257949.866667,2826769032.5333333,-0.275128682454427,1006.90390625,-6.802206626161933e-05,-16.3982666015625,-173.7751708984375,-17.807771809895833,-7.642110188802084e-05,-625591.5833333334,-64107.85,0.0330741008122762,48.96812543421984,7.014029348889987e-05,5.326413859923681e-05,6.945968295137087e-05,5.748613427082698e-05,0.000126943240563,303.67191284146435,1.0947503809196253e-05,-8.813679839173953e-06,-6.741991577049097e-06,-9.349124350895485e-06,-5.2447915853311615e-06,-1.2853974476456642e-05,-1.660373139505585e-05,-1.2322670469681422e-05,-1.1167481231192748e-05,-6.335686581830184e-06,-1.2676231563091275e-06,2.8828081364432973e-06,4.0352422123154005e-06,1.988296086589495e-06,-8.815511440237363e-07,-4.156826374431451e-06,-7.037275160352389e-06,-7.844856008887291e-06,-8.03935496757428e-06,-7.180791969100634e-06,-6.095700276394685e-06,0.0285374484956264,0.1858497381210327,0.6992490609486898,3.836404450734456,29.281238327672085,77.05893518428007,79.73843332926432,67.2956380199641,57.29814676096042,55.49082704956333,44.16183600599568,40.92096815009912,48.153056573371096,52.46398010253906,60.43516254946589,64.6362203369538,71.93284430752198,81.05108998343349,88.16956807672977,85.47893829345703,79.18109232584635,305887.0390625,260103.00442708333,234418.55260416667,203106.16484375,183542.84791666668,163796.115625,140596.65247395833,122796.44401041669,108092.419921875,95485.50416666668,74602.9486328125,57634.20455729167,43307.94733072917,30852.537760416668,19767.2826171875,14646.174348958331,9769.017513020834,7416.449446614583,5118.251009114583,2868.930126953125,663.2935546875,-0.0009002476930618,-0.0003207087516784,0.0009544332822163,0.0017556111017862,0.002318251132965,0.0094867626825968,-0.0275104204813639,-0.0870591163635254,-0.1157822291056315,-0.1206570307413737,-0.0906897226969401,-0.0439300537109375,-0.0261061350504557,-0.0107735315958658,-0.0007420857747395,0.0104500452677408,0.0107254028320312,0.0081833839416503
2,1004.759375,15.274747848510742,4.572110265144147e-05,3.223327803425491e-05,2.1726540580857545e-05,1.7508673408883624e-05,-8.064180292421952e-06,-2.0476722056628205e-05,336.60455322265625,355.5843200683594,354.4747314453125,352.2356872558594,345.3410949707031,340.2420349121094,339.4918212890625,341.618408203125,335.41265869140625,332.5951232910156,14.23912525177002,11.13341236114502,15.144295692443848,11.942293167114258,1.3735634088516235,298.49715423583984,301.1655578613281,0.0012661702930927,0.4083526134490967,0.1466825008392334,0.3970980644226074,1.261348370462656e-05,-5.59026375412941e-07,0.0001433044672012,-0.0005458891391754,432.59375,2705235328.0,2863219328.0,2705235200.0,2863860224.0,-1.809776306152344,1003.23583984375,-9.612212306819856e-05,-32.13922119140625,-244.77056884765625,-35.31170654296875,-0.0005027269944548,-881173.5,-127123.5,0.0870215892791748,63.17371933162213,0.0003274357877671,0.0003504897467792,0.0003517088480293,0.0003373413346707,0.0006890487857162,304.3473892211914,6.938644219189882e-06,-1.3679178664460778e-05,-1.1179057764820756e-05,-1.437558967154473e-05,1.4278048183768988e-06,-1.3640557881444693e-05,-2.725236117839813e-05,-1.2470060028135777e-05,1.6452569980174303e-05,3.4789787605404854e-05,5.388038698583841e-05,7.775961421430111e-05,8.109473856166005e-05,7.937371265143156e-05,7.932703010737896e-05,8.46049515530467e-05,8.54607205837965e-05,8.245324715971947e-05,7.830187678337097e-05,7.18862283974886e-05,6.553821731358767e-05,0.0279360078275203,0.1693790256977081,0.7354103922843933,3.126949110068381,27.322126246988773,82.0560531616211,97.32164001464844,99.25563810765745,87.27737408876419,79.88544539734721,61.14057137444616,60.46745308861136,78.16523742675781,77.5687025487423,84.12663270533085,84.53880310058594,86.44902801513672,89.3074722290039,92.99119567871094,90.87559509277344,84.26846313476562,305674.5546875,260316.8828125,234518.37109375,203172.41796875,183641.880859375,163817.12890625,140737.4921875,122928.94921875,108168.134765625,95510.724609375,74565.40625,57573.0732421875,43222.4521484375,30727.990234375,19637.5439453125,14528.845703125,9665.990234375,7318.16796875,5023.17431640625,2777.888427734375,575.263671875,0.002510666847229,-0.0067583918571472,0.01242595911026,0.0010935068130493,-0.0039451122283935,0.0146960616111755,-0.1633098125457763,-0.3603086471557617,-0.5001935958862305,-0.600654125213623,-0.6557464599609375,-0.4781122207641601,-0.2747306823730469,-0.2079648971557617,-0.2105293273925781,-0.1311354637145996,-0.0539278984069824,-0.0141162872314453,1.365383755971182e-05,9.93340758463479e-06,3.71905563201513e-06,-2.81961338887557e-07,-4.416394188896814e-06,-2.9041238223009373e-06,333.508707537196,353.8553447090244,351.49850095851787,349.0952827960129,342.0074576381826,335.620294626323,331.113171945469,331.7474106911307,328.0315849019284,327.05295386255034,15.43482195793485,12.372073210911106,16.06872082821623,13.298582066035989,1.1357159586483223,298.2677619902425,301.849401703514,0.0002172486663359,0.1100918148563115,0.0671832452671161,0.0602734830864237,-5.775059793623651e-07,-4.180710901857906e-08,0.0006210356332454,-3.589954057175094e-05,355.15043114626553,2705803083.419087,2826603088.7302904,2705138588.149378,2827184716.481328,-0.1422906772724325,1144.6993970435683,-6.746995181649057e-05,-16.344872439056015,-174.8746758298755,-17.69719471278527,-3.952775691554754e-05,-629548.9128630705,-63709.84232365145,0.0342188554186049,48.30453507979381,6.000165870080845e-05,4.440972666522774e-05,6.034568384969878e-05,4.548675291765775e-05,0.0001058382797537,303.65490198878194,9.39402232696283e-06,-6.09776523945799e-06,-6.16293626352449e-06,-1.021697425285424e-05,-4.9209686409666574e-06,-1.2345991727289325e-05,-1.6388152938537082e-05,-1.4239887386189456e-05,-1.0815380465749387e-05,-4.819777883063708e-06,-2.089882060823599e-07,4.177833849340059e-06,3.5657684600823157e-06,3.326204083705344e-06,-2.249385543260337e-07,-3.5109170384055847e-06,-7.350566793094037e-06,-8.455356892151951e-06,-9.070220113542564e-06,-7.847210013643835e-06,-6.0905047394799e-06,0.0305150755800894,0.1958889240298528,0.6800443511842692,3.629584159779351,28.108765779936466,71.62159401549343,79.89835640107943,67.00923588167088,55.85930355406401,53.23205032239811,43.73513029571391,40.00489823303776,45.75833232843035,50.46843794470506,59.073900887827655,63.71800085494132,70.33229574301431,78.56015980664131,88.53826573775517,87.60908137218586,81.09446108489611,305854.81587136927,260239.54745850625,234552.85503112036,203181.479123444,183612.867219917,163817.09699170126,140620.79784751037,122838.76283713694,108150.48132780084,95552.17258817428,74681.79233661825,57721.7239529305,43393.87736644191,30936.39957209544,19850.60632780083,14727.857348936725,9850.079924144193,7497.462797426089,5199.852237179071,2952.106097842648,748.0703813861514,0.000233593818063,-0.0008372431968752,-0.0005317233904763,0.002450203005209,0.0009207468309837,0.010599360673754,-0.0246327427907603,-0.0822250477011273,-0.1166098859794901,-0.122707548972482,-0.0975619510001661,-0.0590194963320656,-0.0327724757530877,-0.0134948081495356,-0.0060431729708469,-0.0003529584259413,-0.0047170393694485,-0.008637634055743
3,1001.894375,13.716768264770508,3.998338070232421e-05,2.2630763851339e-05,4.471989541343646e-06,7.797114449203946e-06,-8.479208190692589e-06,-9.431603757548146e-06,336.7006530761719,355.2557983398437,353.7591247558594,352.0978088378906,345.25946044921875,340.46453857421875,339.5019836425781,341.4415588378906,335.796875,333.4436950683594,13.55422592163086,12.64167022705078,14.369821548461914,13.577069282531738,1.4454418420791626,298.59314727783203,300.7510528564453,0.0010056821629405,0.3046050071716308,0.1390120983123779,0.2862997055053711,4.672328941524029e-06,-1.841457560658455e-06,0.0023655742406845,-0.0004137624055147,890.75390625,2696658432.0,2853858304.0,2696659456.0,2854533632.0,-1.3193435668945312,988.3681640625,-0.0001030157145578,-39.56329345703125,-257.3399658203125,-38.71722412109375,-0.0003664474934339,-926421.5,-139381.25,0.0713108777999877,62.85956573486328,0.0002462128177285,0.0002877051010727,0.0002793506719172,0.0003029275685548,0.0005822824314236,304.328914642334,1.0843490599654617e-05,-1.1812750017270446e-05,-9.401352144777777e-06,-1.258694101125002e-05,-9.231735020875933e-08,-1.887697726488113e-05,-2.8533395379781723e-05,-2.1358777303248644e-05,1.6028003301471472e-05,3.748585004359484e-05,6.664788816124201e-05,8.347409311681986e-05,8.57861596159637e-05,7.804669439792633e-05,7.744703907519579e-05,8.407107088714838e-05,8.361705113202333e-05,8.177990093827248e-05,7.846369408071041e-05,7.057911716401577e-05,6.311980541795492e-05,0.0270239375531673,0.2266259491443634,0.62442547082901,3.019347667694092,31.054208025336266,78.69949340820312,96.68551635742188,90.5938491821289,84.36464624479413,82.16392597556114,63.69682332500816,64.15831796079874,79.73553529381752,75.95669555664062,83.70540618896484,85.98545837402344,87.83517456054688,90.9200668334961,93.28548431396484,91.73612213134766,85.07889556884766,305339.37890625,259944.3359375,234214.169921875,202842.8125,183357.849609375,163551.275390625,140456.79296875,122661.36328125,107923.708984375,95278.240234375,74346.0263671875,57357.888671875,43009.8681640625,30518.9697265625,19427.927734375,14317.01025390625,9454.33056640625,7107.99755859375,4814.79296875,2571.4599609375,370.154052734375,0.0008093416690826,-0.002936840057373,0.0016694664955139,0.0026131868362426,0.0022487640380859,0.0014823079109191,-0.1182589530944824,-0.2622451782226562,-0.3263635635375976,-0.357121467590332,-0.3525781631469726,-0.2490291595458984,-0.190338134765625,-0.2132282257080078,-0.2090377807617187,-0.1520667076110839,-0.0745835304260253,-0.0338425636291503,1.3166301846426605e-05,9.9572294547477e-06,5.303445076172003e-06,9.446461443919872e-07,-2.9247392131028933e-06,-2.937006138675642e-06,333.1300510168076,353.4435733238856,351.09640526771545,348.6743079185486,341.71754380861915,335.5636584043503,330.96617294152577,331.6842607736588,328.0561369498571,326.9028810580572,15.466952182678506,12.009792670339811,16.12530660778284,13.019783724817293,1.1396279351984655,298.3743199666341,301.56112111409504,0.0002920381103952,0.1157531897226969,0.0690852165222168,0.0609572092692057,-1.0276368508736293e-07,9.848736226558685e-08,0.0018380989631017,-5.379306773344676e-05,763.8046875,2699098086.4,2820484736.0,2698566050.133333,2821075285.333333,-0.2255317687988281,1272.6420572916666,-6.865036363403002e-05,-18.88883056640625,-172.86749267578125,-18.41861572265625,-6.265565752983093e-05,-622322.25,-66308.53333333334,0.0357119083404541,48.53917846679688,7.840739563107491e-05,5.134617288907369e-05,8.112251137693723e-05,5.043037235736847e-05,0.0001315485686063,303.6486357019745,8.499662120205661e-06,-6.1314688840260105e-06,-5.731009878218174e-06,-9.783718269318342e-06,-5.062027291084329e-06,-9.46560176089406e-06,-1.6589986626058816e-05,-1.277937941874067e-05,-9.264156688004732e-06,-3.507329771916072e-06,4.3803205092748004e-07,5.221382404367129e-06,4.542211536318064e-06,3.821977103749911e-06,2.8087136646111804e-07,-3.679554599026839e-06,-7.766624912619591e-06,-9.401856611172358e-06,-9.708385914564132e-06,-8.155972075959046e-06,-6.181544934709867e-06,0.0304904801150163,0.2071384410063425,0.7062547941692173,3.521389293670654,29.535951919853687,70.49178873697916,81.19181312670311,67.59606317182381,56.516619902352495,55.01210365891457,46.0633905266722,41.8672205105424,46.46599270701408,51.58065490722656,60.7284241621693,64.96472060581048,72.2635916809241,79.61956430946788,90.226618779699,89.66609547932943,82.86383412679037,305467.87213541666,259901.9984375,234260.93385416668,202906.93294270837,183343.603125,163538.62643229167,140351.26106770834,122591.476171875,107921.27994791669,95337.3703125,74490.92610677083,57544.52571614584,43224.8765625,30772.10677083333,19693.53671875,14574.05341796875,9700.593001302082,7350.280436197917,5054.752604166667,2809.2502278645834,606.938916015625,-0.0001852830251057,-0.0001877347628275,-0.0015290558338165,0.0019724210103352,-2.1970272064208982e-05,0.0079891006151835,-0.021296755472819,-0.0825521787007649,-0.1232818603515625,-0.1371137619018554,-0.1226354598999023,-0.0916060129801432,-0.0562461853027343,-0.0329661051432291,-0.0275583267211914,-0.0188705126444498,-0.0186091423034667,-0.01951904296875
4,1000.238125,13.975719451904297,3.090623067691922e-05,4.2929485061904415e-05,1.944815448950976e-05,1.4067875781620389e-05,9.883403436106164e-06,3.1508370739175007e-06,336.8406982421875,355.3758544921875,353.9232482910156,352.921875,346.2784729003906,340.7006530761719,341.188232421875,344.8906555175781,338.008056640625,334.96368408203125,14.567733764648438,14.501935958862305,15.388309478759766,15.685585975646973,1.5904334783554075,298.6955261230469,301.0070877075196,0.0017654551193118,0.3213485479354858,0.2462396621704101,0.6194510459899902,1.204002182930708e-05,2.5263288989663124e-06,-0.0004601776599884,-0.0010427124798297,-313.04296875,2693479680.0,2856942848.0,2693480448.0,2857694336.0,-2.845447540283203,803.453125,-0.0001122916000895,-42.44830322265625,-262.09625244140625,-42.47113037109375,-0.0007904097437858,-943547.75,-152896.0,0.1355341672897339,65.36383056640625,0.0005153049714863,0.0002684788778424,0.0004904093220829,0.0002695415169,0.000759937800467,304.20409774780273,1.5069119399413466e-05,-9.215131285600364e-06,-7.02892430126667e-06,-7.3233823059126735e-06,-3.3962278394028544e-06,-1.758430153131485e-05,-2.03480594791472e-05,-2.766592660918832e-05,1.0707241017371416e-05,3.5721808671951294e-05,6.847886834293604e-05,7.813610136508942e-05,7.835321594029665e-05,8.651264943182468e-05,9.640376083552836e-05,9.976665023714304e-05,9.624811355024576e-05,9.286194108426572e-05,9.07860230654478e-05,8.32374207675457e-05,7.297866977751255e-05,0.0359410420060157,0.243969976902008,0.5691115856170654,3.682206366211176,27.328266143798828,83.28971099853516,98.06036376953124,95.21730041503906,88.64588920772076,86.26525059342384,62.66116305068135,60.65847722440958,76.89965911209583,82.3020398169756,89.54281616210938,90.92501068115234,90.12808990478516,91.1416473388672,93.05972290039062,90.51925659179688,84.52619934082031,305250.80859375,259847.5390625,234203.37890625,202888.90625,183339.455078125,163560.552734375,140454.26171875,122635.888671875,107893.732421875,95235.67578125,74278.0146484375,57267.3095703125,42894.841796875,30363.619140625,19252.4921875,14139.0478515625,9276.15185546875,6929.37646484375,4635.46484375,2390.58837890625,187.823486328125,-0.0006430149078369,0.0019152760505676,0.002230018377304,0.0002965927124023,0.0059626698493957,-0.0091074705123901,-0.0543705224990844,-0.2520875930786133,-0.4201464653015136,-0.5067100524902344,-0.631866455078125,-0.6766834259033203,-0.6783971786499023,-0.6709098815917969,-0.4957485198974609,-0.2710475921630859,-0.0867247581481933,-0.0041999816894531,1.1573634907742531e-05,8.693739215172475e-06,5.568571179863086e-06,3.5467407546270887e-06,-3.4250903772915964e-06,-3.534152814255314e-06,332.50506322710345,353.8142317934155,351.1791380490505,348.6913684116854,342.0283711619397,335.4352943926926,330.96257945808634,332.73644934848136,327.9433875024566,326.18881288900417,17.85571978614507,14.323056380917546,18.1174395537599,14.87965466134652,1.1640913503430976,298.3943233252561,301.5059657433221,0.0002506350580587,0.1159102016464803,0.0651551875830686,0.0698221293722445,-4.71681070463786e-07,-1.1302623511350007e-07,-0.0004643607436374,-5.756114528386919e-05,-47.66485671680498,2695757011.385892,2815310407.1701245,2695034896.9958506,2815930505.0290456,-0.2091986311916494,1068.315028526971,-7.22977773313453e-05,-18.729395949494293,-174.48400828254668,-19.64757844917013,-5.810208525895083e-05,-628142.3485477178,-70731.20746887967,0.037683795596554,47.80598737787904,6.60103510029583e-05,5.354154159419269e-05,6.961989452235431e-05,5.254650264360103e-05,0.0001221712817789,303.66727315679856,6.02229598801413e-06,-6.166701284778223e-06,-4.659893756338175e-06,-8.823276708516992e-06,-5.506782314771037e-06,-8.290703118589408e-06,-1.995201914327768e-05,-1.45608458776197e-05,-9.660902761572129e-06,-2.9793241026490555e-06,-1.467184716240499e-06,7.84177762065933e-06,6.448354811651083e-06,3.635568381963429e-06,4.206409221862856e-07,-3.5230358251026555e-06,-7.093653152406958e-06,-8.222220960185241e-06,-8.705784122293421e-06,-7.4742819835659876e-06,-5.509682131073287e-06,0.0346830149965662,0.2121604035252944,0.7628341324596484,3.419536468522677,29.784788472029184,70.25867632513719,80.42121499405857,66.53283793575042,56.116323463247774,55.211697026839886,47.04738069965632,40.04415133632565,45.25923961475183,54.52866353756165,60.4901959431122,62.501835860157406,69.48768108712193,78.36799328851502,89.396615952377,87.9735042841108,81.0981557379125,305295.08506224066,259822.40119294607,234217.98871887967,202917.4888485477,183337.7640041494,163537.9289419087,140302.71511929462,122524.4310165975,107842.93737033194,95258.42297717844,74410.17505186722,57460.2817686722,43137.85809452801,30679.89918309129,19602.918130835063,14484.064493646263,9610.833530536824,7261.43628233597,4966.834594220047,2721.178050440871,518.4885800943335,8.702748049344265e-05,0.0007069004521825,-0.001958796344852,0.0022463588299098,0.0037429901574162,0.0094465573793624,-0.0085007600269871,-0.0613754122089053,-0.0966896872302803,-0.1174323252127872,-0.1162152547559302,-0.0770418080056851,-0.0394959944412421,-0.0117295095040095,-0.0075503147489302,0.0037478886204636,0.0051027155516058,0.0036193721027295
5,1000.55875,17.30017852783203,5.072073690826073e-05,5.642559335683473e-05,3.202228981535882e-05,1.9735343812499195e-05,1.140505810326431e-05,-7.622534212714527e-06,337.6644897460937,356.0816955566406,354.6612854003906,353.6549987792969,346.78857421875,341.195068359375,341.15728759765625,343.42608642578125,337.99591064453125,335.13043212890625,16.082849502563477,14.295740127563477,16.89113998413086,15.30824089050293,1.7475192546844482,298.64410400390625,301.01412200927734,0.0021970206871628,0.4166502952575683,0.2519333362579345,0.9687137603759766,2.449337625876069e-05,-2.69734300673008e-07,0.0005150139331817,-0.001358825713396,270.6640625,2697873408.0,2861984512.0,2697873792.0,2862845696.0,-3.9250564575195312,887.509765625,-0.0001240650890395,-44.1195068359375,-281.6866455078125,-45.69921875,-0.0010903002694249,-1014072.25,-164518.0,0.1814674139022827,65.62347412109375,0.0006377357058227,0.0004128972068428,0.0006102854385972,0.0003806082531809,0.000990888569504,304.20409774780273,9.616211173124611e-06,-7.461931090801954e-06,-5.751382559537888e-06,-6.199785275384784e-06,-5.835681804455817e-06,-6.94784102961421e-06,-6.840578805622499e-06,-9.316601790487766e-06,2.141715958714485e-05,3.2398966141045094e-05,6.405555177479982e-05,8.167000487446785e-05,8.200912270694971e-05,9.277625940740108e-05,0.0001062455121427,0.0001104610273614,0.0001093784812837,0.0001061330549418,0.00010153115727,9.167019743472338e-05,8.108117617666721e-05,0.0372840650379657,0.2270080551388673,0.7252231240272522,3.521515369415283,23.84784122556448,97.40277099609376,94.13717624545096,93.58518981933594,84.50510335061699,87.35836029052734,68.12200980633497,61.81631492078304,77.48643573373556,79.16485595703125,88.39800262451172,89.68441009521484,90.92367553710938,91.64328002929688,92.9179229736328,90.41134643554688,84.6420669555664,305322.67578125,259988.24609375,234409.04296875,203114.9375,183463.013671875,163719.609375,140618.943359375,122777.556640625,108017.607421875,95344.2578125,74364.3564453125,57348.9658203125,42973.1513671875,30457.05078125,19352.5029296875,14238.8134765625,9373.4267578125,7025.55029296875,4730.6259765625,2484.83251953125,281.2197265625,0.0019188821315765,0.0004126727581024,-0.0104058682918548,0.0042078495025634,0.0088909268379211,-0.0209653377532959,-0.1952443122863769,-0.4601173400878906,-0.6957979202270508,-0.8114738464355469,-1.0224332809448242,-1.0118274688720703,-0.8971338272094727,-0.8000211715698242,-0.5588207244873047,-0.3089771270751953,-0.1121249198913574,-0.0205678939819335,8.954217352111794e-06,6.329477802056686e-06,4.901251464964253e-06,3.8606292878917935e-06,-3.5390973380286403e-06,-1.0788712808728132e-06,332.73599396546683,353.7687083005905,351.0297519127528,348.622092294693,341.7416855971018,335.18145903746284,330.5415386120478,332.19891107082367,327.72147207260133,326.0815117518107,18.13908029939436,14.166277215870409,18.38018133287551,14.672038223765169,1.1638748617631791,298.33657023111977,301.7655751546224,0.0002251866584022,0.105197525024414,0.0588529825210571,0.0640373865763346,-1.5044352039694786e-06,-3.8339445988337195e-09,-0.0012285848458607,-7.161709169546763e-05,-375.35546875,2699375522.133333,2819605461.333333,2698649753.6,2820255086.9333334,-0.2372881571451822,1075.8957356770834,-7.348968647420406e-05,-21.524397786458334,-176.67994791666666,-20.612955729166668,-6.591069201628367e-05,-636047.9333333333,-74207.01666666666,0.0344218889872233,48.076681518554686,6.25366655488809e-05,4.630827655394872e-05,6.255152014394601e-05,4.91694857676824e-05,0.0001117129499713,303.6640296788912,6.896632839925587e-06,-6.763365430136522e-06,-5.1335742076238e-06,-6.925689134125908e-06,-5.6375720305368304e-06,-6.8247318267822266e-06,-2.041617699433118e-05,-1.6375192596266668e-05,-1.0699992223332326e-05,-3.021846835811933e-06,-1.8137507140636447e-07,8.36641217271487e-06,7.209228351712227e-06,3.0879474555452664e-06,-6.70940304795901e-08,-4.213559441268444e-06,-8.110562339425087e-06,-8.786749094724656e-06,-8.696597069501876e-06,-7.752150607605774e-06,-6.257765926420689e-06,0.0342771934966246,0.2147130330481256,0.8045718708851685,3.3791305224100747,27.71374758829673,67.16072678367297,80.98847968528668,67.41516535356641,57.481206998803344,55.01497716133793,46.68144625971715,40.07323751548926,45.537684213370085,53.880112207929294,60.78412259121736,63.1589491729935,71.5501040071249,79.6009924074014,88.77927667995294,87.22100931803385,80.23735197981199,305428.0838541667,259938.78984375,234348.73515625,203104.0828125,183470.84453125,163625.83984375,140373.36536458333,122602.96927083332,107926.00520833331,95345.225390625,74497.56653645834,57553.92565104167,43239.09270833333,30790.03255208333,19715.841927083333,14598.75185546875,9727.498111979166,7378.936555989583,5084.318196614583,2838.349153645833,635.2044921875,0.0002993464469909,0.0007232050100962,-0.0019629041353861,-0.0015167514483133,0.0046798308690389,0.0094528675079345,0.0090914249420166,-0.0339565277099609,-0.0626644134521484,-0.0830848058064778,-0.078251584370931,-0.0537274678548177,-0.045683479309082,-0.0345067977905273,-0.0186327616373697,0.0041946411132812,0.0106004397074381,0.0114497184753417
6,1000.528125,18.241474151611328,5.7922770793084055e-05,6.585103983525187e-05,4.543766408460215e-05,1.9855433492921293e-05,1.1655529306153769e-05,-7.033000201772666e-06,337.9981384277344,356.9229736328125,355.6883239746094,354.54180908203125,347.30645751953125,341.8453369140625,340.07769775390625,342.97296142578125,337.04833984375,335.0399169921875,16.63768768310547,16.373411178588867,17.445842742919922,17.289199829101562,1.901348352432251,298.795166015625,301.0788040161133,0.0022844281047582,0.604140043258667,0.3282427787780761,1.2519769668579102,2.6853405870497227e-05,-2.3775501176714897e-06,-0.0006513744592666,-0.0015825517475605,32.609375,2701111552.0,2864896512.0,2701112704.0,2865877504.0,-4.210430145263672,1003.720703125,-0.0001356966386083,-43.69085693359375,-284.92938232421875,-44.9212646484375,-0.0011695679277181,-1025744.75,-161716.0,0.182193636894226,65.49211265146732,0.0006444007158279,0.000547457486391,0.0006345601286739,0.0004671337082982,0.0011016707867383,304.1994400024414,1.3566401321440937e-05,-8.836446795612574e-06,-8.441100362688303e-06,-5.135851097293198e-06,-4.154207999818027e-06,-1.324567710980773e-05,-3.111956175416708e-06,5.668844096362591e-07,1.4072924386709929e-05,3.0289520509541035e-05,6.795825902372599e-05,8.574908133596182e-05,9.13392286747694e-05,0.0001035701716318,0.0001186603913083,0.0001205239677801,0.0001195202348753,0.0001182531705126,0.0001130372984334,0.0001015609595924,8.96315323188901e-05,0.0340214855968952,0.1989894956350326,0.9715148210525512,3.309775352478028,22.41768069565296,104.23686981201172,94.84599325060844,94.77771019935608,87.99329372798093,89.0893325805664,69.3656926676631,62.19937133789063,75.3552856259048,81.03028106689453,86.40323638916016,88.73583221435547,90.46424102783205,90.90276336669922,92.17697143554688,90.10382080078124,84.210693359375,305596.81640625,260014.79296875,234457.29296875,203375.232421875,183669.283203125,163896.265625,140771.337890625,122893.876953125,108098.033203125,95403.419921875,74397.79296875,57380.8115234375,43016.541015625,30514.7734375,19421.4619140625,14308.10205078125,9441.49462890625,7092.5029296875,4796.21826171875,2548.934814453125,344.279296875,-0.0021106451749801,0.0006027817726135,-0.0047710835933685,-0.0017311573028564,0.0055410861968994,-0.0159188508987426,-0.2528629302978515,-0.589653491973877,-0.8648586273193359,-1.018442153930664,-1.229924201965332,-1.2194108963012695,-1.1270856857299805,-0.9238777160644532,-0.568568229675293,-0.3263120651245117,-0.1206903457641601,-0.0152821540832519,8.169080757669533e-06,5.756328275434199e-06,4.463097836279277e-06,3.0016791453517466e-06,-3.3781477131109017e-06,4.7523991504883534e-08,333.16735597451526,354.1142151037852,351.35058975219727,348.8560313542684,341.82706410884856,335.23695437908174,330.5998754898707,331.84835476875304,327.8811081171036,326.42474132378896,17.646018181236773,14.15421641980453,18.097152724462408,14.781327769804436,1.2090861407409343,298.1028584798177,302.315473429362,0.0002311420316497,0.097248903910319,0.0619715372721354,0.0618682225545247,-1.6754027456045151e-06,1.1509594817956288e-08,-7.505019505818686e-05,-7.811759908994039e-05,46.5734375,2702861499.733333,2822793548.8,2701896055.4666667,2823461000.5333333,-0.3530265808105469,979.0796875,-7.641389189908902e-05,-33.04788818359375,-179.6294677734375,-31.8100341796875,-9.807112316290536e-05,-646666.85,-114516.35,0.0379470984141031,47.957740328709285,6.837788969278335e-05,4.807778944571813e-05,6.420449353754521e-05,4.803262030084928e-05,0.0001122410098711,303.6452608156337,7.319987829153736e-06,-7.786458202948173e-06,-5.62927646872898e-06,-6.030417474297186e-06,-5.817817873321474e-06,-6.071167687575023e-06,-2.1090637892484663e-05,-1.8218334298580884e-05,-1.1692013746748368e-05,-4.1333182404438656e-06,3.071657071510951e-07,7.43684358894825e-06,6.50842363635699e-06,1.872517168521881e-06,-4.2156316339969633e-07,-3.061327151954174e-06,-6.7016963536540665e-06,-8.059650038679441e-06,-8.277765785654385e-06,-7.350603118538856e-06,-6.137586509188016e-06,0.0340255546073118,0.2075949458482985,0.8424264828364054,3.728865114847819,27.86447491844495,64.80502893129984,77.8492981761694,66.49075273090664,54.17652671594794,50.96303318391244,44.67423601448536,38.67823486328125,45.05812245110671,52.460921213030815,60.2241074308753,63.14761183212201,72.07228498806556,78.25092112397154,86.56335754146178,83.90389019747575,77.18208744327227,305605.1658854167,260037.05729166663,234470.578125,203318.27890625,183701.98359375,163834.02526041667,140547.5171875,122753.14440104166,108060.62083333332,95468.103125,74602.59407552083,57648.9333984375,43328.41555989583,30878.779947916668,19800.512630208334,14680.52255859375,9806.287630208331,7455.327734375,5157.877278645833,2908.665706380208,702.8400065104166,-0.000199869275093,0.0001709858576456,-0.0034156322479248,-0.0056917707125345,-0.0023169636726379,0.0016633947690327,0.0114617665608723,-0.0270153363545735,-0.0533592859903971,-0.0710057576497395,-0.0664503097534179,-0.0497434616088867,-0.0564702987670898,-0.0630023956298828,-0.0418649673461914,-0.0092062632242838,-0.0014880180358886,-0.0012109438578287
7,998.72125,18.40070152282715,6.951511022634804e-05,5.730752309318632e-05,3.5849210689775646e-05,5.151677214598749e-06,-4.734751655632863e-06,-1.366025571769569e-05,338.0853881835937,357.3570556640625,356.40966796875,355.395263671875,348.74224853515625,342.8892822265625,338.9409484863281,341.6558837890625,336.275390625,334.7255859375,16.87398910522461,15.27664566040039,18.17271423339844,16.753170013427734,1.9687399864196775,298.6344680786133,301.0787353515625,0.0014097457751631,0.7125184535980225,0.2639460563659668,1.1221351623535156,2.266594674438238e-05,5.241949111223221e-06,0.0021997243165969,-0.0011528674513101,1226.17578125,2697110528.0,2860289920.0,2697110144.0,2861401344.0,-4.491100311279297,1054.2431640625,-0.000140860065585,-43.525390625,-344.58477783203125,-43.81231689453125,-0.0012475419789552,-1240505.25,-157724.25,0.1920700073242187,65.25137329101562,0.0003298297524452,0.0009826412424445,0.0003916001878678,0.0010228082537651,0.0014144079759716,304.1880073547363,7.904236554168165e-06,-1.2810909538529812e-05,-9.507813956588508e-06,-1.2292148312553763e-06,-3.045788616873324e-06,-2.6009976863861084e-05,-1.0132032912224531e-05,1.386681105941534e-06,1.443101791664958e-05,3.2732030376791954e-05,7.241929415613413e-05,0.0001021339558064,0.0001110052689909,0.0001182981068268,0.0001251453068107,0.0001223356230184,0.0001177699305117,0.0001149827148765,0.0001123535912483,0.0001053782179951,9.22447070479393e-05,0.0397849529981613,0.1755633354187011,0.9290879177860916,4.130191802978516,23.2783525288105,100.38010400533676,97.00650787353516,95.99945084750652,94.85163116455078,92.41835018247366,80.94158168882132,71.50762056559324,79.31597137451172,78.9511489868164,84.32306671142578,86.6788330078125,89.28581237792969,91.67700958251952,92.91109466552734,88.82057189941406,83.33744049072266,305436.56640625,259793.796875,234139.3359375,203316.939453125,183664.228515625,163867.30859375,140716.783203125,122807.28125,107993.259765625,95281.166015625,74240.9599609375,57228.72265625,42886.1240234375,30408.0029296875,19321.806640625,14207.0302734375,9337.85302734375,6988.7216796875,4692.45849609375,2444.42041015625,239.2265625,-0.0020314902067184,0.000934213399887,0.0039305388927459,-0.0146803855895996,-0.0064417123794555,0.0126407742500305,-0.3258588314056396,-0.6680793762207031,-0.8933048248291016,-0.9919815063476562,-0.9866256713867188,-0.9041471481323242,-0.7723455429077148,-0.6446294784545898,-0.4872064590454101,-0.3177523612976074,-0.1360106468200683,-0.040114402770996,8.282885986903947e-06,5.9005644992581045e-06,2.9051264856894363e-06,2.7295015726119e-06,-2.8477724500724597e-06,6.382333899088155e-07,334.16795159975686,354.62346750100454,351.8233319362005,349.21762667497,342.0183696190516,335.1729934136073,330.8835055351257,332.0548952817917,328.54645727475486,327.25668834845226,17.496579177700916,14.241360264876857,18.01888759951107,14.73277153268767,1.2268179685265446,297.8816635131836,302.668044535319,0.0001904414966702,0.082171352704366,0.07068985303243,0.0595120112101237,-1.4005306487282118e-06,-4.17868917187055e-07,0.0017969379822413,-6.765946745872498e-05,714.7744791666667,2700361002.6666665,2821383594.6666665,2699332002.133333,2822048819.2,-0.3004300435384114,1057.4911458333331,-7.606969059755404e-05,-34.63017171223958,-196.86690266927084,-36.943355305989584,-8.345631261666616e-05,-708720.8333333334,-132995.63333333333,0.0349759499231974,48.39345538119475,5.939127877354622e-05,5.115785946448644e-05,5.2901760985453926e-05,5.1660090684890746e-05,0.000104563186566,303.6248943740393,6.8546592956408855e-06,-7.3517100342238946e-06,-6.2587670981884e-06,-6.971912807784975e-06,-5.606042880875369e-06,-4.125859898825487e-06,-2.029923489317298e-05,-1.816001410285632e-05,-1.3147744660576184e-05,-5.961031032105287e-06,6.044671560327212e-07,5.061606255670389e-06,4.24881000071764e-06,1.3245968148112298e-06,2.933433279395104e-07,-2.060543435315291e-06,-5.718980294962724e-06,-6.877211853861809e-06,-7.151191433270773e-06,-6.855139508843422e-06,-5.665103284021219e-06,0.0320960491895675,0.1955136934916178,0.8905238751477251,4.161125946044922,31.11009483238061,66.78730855186781,76.59687959700823,65.81294674774011,55.95560721463213,51.67771628499031,44.29759428799152,37.6506777971983,45.62191545814276,53.00241761108239,61.31660722866654,64.22726745605469,72.35006441672643,78.56068561747671,84.54147389729818,82.21900756905477,75.9939589480559,305503.09453125,259863.1731770833,234292.044140625,203216.08854166663,183671.20546875,163847.67747395832,140550.18333333332,122727.01875,108016.953515625,95412.34127604168,74531.90279947917,57571.56067708333,43250.851953125,30800.533138020837,19720.151432291663,14597.873990885417,9719.962727864584,7366.115006510417,5065.1078125,2812.47978515625,604.2548502604167,-0.0001229792833328,0.0003911674022674,-0.0024668514728546,-0.0044353564580281,-0.0051461617151896,-0.0101772189140319,0.0061458746592203,-0.0364733060201009,-0.0586860656738281,-0.0713754653930664,-0.0734202067057291,-0.0596487045288085,-0.073725954691569,-0.0758902867635091,-0.047438112894694,-0.01884765625,-0.0170981407165527,-0.0210813522338867
8,998.595625,16.7276668548584,5.044323916081339e-05,2.2449799871537834e-05,3.590557025745511e-05,1.194702235807199e-06,-2.05505912163062e-05,-8.802046068012714e-06,338.0507202148437,357.812744140625,356.6681823730469,355.193359375,349.02508544921875,342.62823486328125,340.36920166015625,343.32684326171875,336.0289306640625,333.80828857421875,15.092622756958008,14.399839401245115,16.372966766357422,15.798517227172852,1.8016027212142944,298.99981689453125,301.4559860229492,0.0013248398900032,0.5208301544189453,0.1384165287017822,0.6225500106811523,7.017864845693111e-06,-4.657194949686527e-07,0.0002402961254119,-0.0009291972965002,-106.3046875,2695809664.0,2860525184.0,2695807872.0,2861530752.0,-2.6541976928710938,970.7275390625,-0.0001219442638102,-39.44012451171875,-343.19073486328125,-47.3218994140625,-0.00073729082942,-1235485.0,-170359.75,0.0864695310592651,65.86524200439453,0.0003792499192059,0.0006085829809308,0.0003680146764963,0.000669527798891,0.0010375333949923,304.1954231262207,5.674010026268661e-06,-1.1195254046469929e-05,-5.232359399087727e-06,-5.460358806885779e-06,-8.293689461424947e-06,-2.1881831344217065e-05,-6.601621862500906e-06,4.4660409912467e-06,2.805306576192379e-05,3.162538632750511e-05,6.619968917220831e-05,9.807851165533066e-05,0.0001040896167978,0.000116917071864,0.0001116571947932,0.0001011241693049,9.065016638487576e-05,8.712674025446177e-05,8.653162512928247e-05,8.221413008868694e-05,7.252697832882404e-05,0.0361628718674182,0.180157721042633,0.6950927376747131,5.201742172241211,31.401123046875,100.49484258890152,97.07342528551816,94.13775600492954,95.39564514160156,91.33662385493516,79.24288936704397,67.22645579278469,81.63164520263672,82.76449584960938,87.58200100064278,87.97602824866772,89.4308090209961,91.57398223876952,93.43367004394533,89.91143798828125,84.44721221923828,305458.66015625,259855.4453125,234119.583984375,203161.62109375,183664.47265625,163958.900390625,140788.341796875,122860.892578125,108027.515625,95307.744140625,74251.02734375,57203.8125,42835.7138671875,30341.505859375,19256.9541015625,14149.998046875,9286.43212890625,6937.58544921875,4641.07177734375,2393.114013671875,187.73876953125,0.0011900663375854,-0.0009568333625793,0.0063601434230804,-0.0012755393981933,-0.0134956240653991,0.0131741762161254,-0.2751548290252685,-0.4160032272338867,-0.5652689933776855,-0.6680049896240234,-0.5500516891479492,-0.3712120056152344,-0.3801565170288086,-0.5096988677978516,-0.5065059661865234,-0.2902145385742187,-0.1056885719299316,-0.0162534713745117,9.40681346178011e-06,9.706339919837717e-06,5.715007966455796e-07,-1.3095318022503013e-06,-2.5294033346158945e-06,-1.2972429190249877e-06,334.28713161150614,355.30516484578453,352.2030217250188,349.76298056443534,342.48765569527944,335.5210922241211,331.2956900199254,332.21068524519603,328.4848681529363,327.1741515556971,17.751248043736755,14.088067930905767,17.958347702686055,14.26308049033396,1.214660001982702,297.8554102579753,302.8007197062174,0.0002359656617045,0.0742492039998372,0.0673625628153483,0.0461215337117513,-3.680121153593063e-07,-1.055421307682991e-07,-0.0005253930886586,-4.7929957509040834e-05,-126.90651041666666,2698014498.133333,2817322692.266667,2696771865.6,2817954551.4666667,-0.2374135335286458,978.1953776041668,-7.402218179777264e-05,-22.62922770182292,-188.4675537109375,-29.552099609375,-6.594546139240264e-05,-678482.8,-106387.11666666668,0.0412686824798584,47.70784005224705,6.4617736885945e-05,5.408506840467453e-05,6.554671563208103e-05,5.214841415484746e-05,0.0001176960145433,303.6253536398248,6.345844788787266e-06,-7.497693877667188e-06,-6.79000416615357e-06,-8.82366148289293e-06,-6.297529519846042e-06,-3.5340509687860807e-06,-2.369162781784932e-05,-2.0954874344170094e-05,-1.5257954752693571e-05,-7.546328318615754e-06,1.277619351943334e-07,3.07251854489247e-06,4.164959924916426e-06,2.6452820748090743e-06,1.508253626525402e-06,-7.768549645940463e-07,-3.479522032042344e-06,-4.4406081239382425e-06,-4.900145965317885e-06,-4.878857483466466e-06,-3.789792147775491e-06,0.0300911453862984,0.1922955791155497,0.8587325605563819,4.316100184122721,33.18638407389323,70.11380997896194,75.58194779455661,67.69629818722606,58.36694386291007,52.02222474076165,43.42899635831515,37.77837365294496,45.41297230919202,51.71692708333333,58.93415876850486,61.62304346660773,69.71952540377775,76.88711682955424,82.93422647441427,80.02865590800842,74.42987630069256,305542.50390625,259816.03541666668,234206.48645833333,203152.59583333333,183652.8014322917,163909.190234375,140602.81002604167,122750.466796875,108024.12096354166,95404.86692708332,74491.3443359375,57509.88561197917,43178.60891927083,30716.9791015625,19625.7451171875,14497.3046875,9612.5212890625,7255.610970052084,4951.757486979167,2696.0174641927083,485.43017578125,0.001023922363917,0.0016473392645517,0.0022054374217987,0.0012733976046244,0.0009659767150878,-0.0088626344998677,0.0103154182434082,-0.0483404477437337,-0.0727833747863769,-0.0678569157918294,-0.0522574742635091,-0.034274419148763,-0.0315486272176106,-0.0266773223876953,-0.0109197616577148,0.0065022150675455,0.0046448707580566,-0.0005229632059733
9,998.1025,18.55516624450684,6.47623892291449e-05,2.0181290892651305e-05,2.5663361157057807e-05,-8.42409826873336e-06,-1.2257805792614818e-05,-5.385020813264418e-06,338.8454284667969,357.4349060058594,356.5806579589844,354.6937255859375,348.48779296875,343.033447265625,339.7669372558594,343.9878845214844,337.2494201660156,334.7881774902344,12.423463821411133,11.966389656066896,14.327838897705078,13.698328018188477,1.740288496017456,299.1191635131836,301.42579650878906,0.0015814406797289,0.5596582889556885,0.1676270961761474,0.3359899520874023,8.813352849301737e-06,-4.5407796278595924e-07,-0.0009166747331619,-0.0008689351379871,-267.265625,2697586048.0,2863579520.0,2697586560.0,2864513408.0,-1.821460723876953,934.640625,-0.0001140606764238,-42.2392578125,-320.7064208984375,-46.78277587890625,-0.0005059614777565,-1154546.25,-168416.5,0.0856562852859497,66.37543487548828,0.0004292852245271,0.000243199057877,0.0004392927512526,0.0002545276656746,0.0006938260048627,304.19762420654297,7.799972081556916e-06,-1.0086179827339947e-05,-3.77638207282871e-06,-6.497823051176965e-06,-9.304931154474616e-06,-2.448161831125617e-05,1.4204852050170302e-05,-3.071967512369156e-06,2.324947854503989e-05,4.2308238334953785e-05,8.233613334596157e-05,0.0001007652608677,9.110895916819572e-05,9.387696627527475e-05,0.0001136389328166,0.000115426373668,0.000115119270049,0.0001116002677008,0.0001080402871593,9.8866643384099e-05,8.412881288677454e-05,0.0323800556361675,0.1949108242988586,0.6904119849205017,4.388911247253418,30.448009457439184,93.87688444554806,97.004287853837,89.38739776611328,94.75244906544684,90.55320739746094,76.21763705462217,68.43965138494968,73.468505859375,81.44087982177734,88.54907989501953,89.39761352539062,91.04642486572266,93.57713317871094,93.70547485351562,92.2085418701172,86.35101318359375,305737.4453125,260089.30859375,234378.419921875,203215.61328125,183664.37890625,163928.96484375,140800.798828125,122902.54296875,108075.080078125,95363.015625,74334.0732421875,57286.62890625,42903.2060546875,30386.9501953125,19287.0859375,14175.6142578125,9309.3916015625,6959.962890625,4663.7099609375,2417.009765625,213.5009765625,0.0018836855888366,-0.0038857758045196,-0.0009167790412902,0.0091518461704254,0.0058016180992126,0.0361427068710327,-0.332139253616333,-0.503471851348877,-0.6194734573364258,-0.6623992919921875,-0.5448131561279297,-0.4555139541625976,-0.4509973526000976,-0.5160980224609375,-0.5009088516235352,-0.2650723457336426,-0.085850715637207,-0.0041933059692382,8.924978564236556e-06,9.776467757681024e-06,-6.960364067001383e-07,-1.223537422939333e-06,-3.809561961239568e-06,-3.004735837046126e-06,333.7322610775629,355.0492623567581,351.9562084436417,349.48968020280205,342.43031294345855,335.4529899756114,331.2600854794184,332.3967143932978,328.2893129428228,326.76780602137245,17.783900038339198,13.97110375945146,18.144764898275024,14.423444336520818,1.253219477533518,297.9447504679362,302.6339436848958,0.0002317415550351,0.0662796179453531,0.0534339269002278,0.0375766436258951,-4.97660948894918e-07,-9.78276754419009e-08,-0.0010539551575978,-2.458194891611735e-06,-275.7533854166667,2699620718.9333334,2818021452.8,2698099020.8,2818653824.0,-0.0851242065429687,1119.8723307291666,-7.183498625333111e-05,-14.215201822916669,-182.6999877929688,-17.551298014322917,-2.3643424113591516e-05,-657720.45,-63184.96666666667,0.0309221108754475,47.34516805062692,6.352951750159264e-05,3.721353908379872e-05,6.437255069613457e-05,4.0661295255025225e-05,0.0001050331940253,303.60643864654435,7.990130688995123e-06,-7.171268225647509e-06,-6.997925811447203e-06,-9.040750834780434e-06,-7.66172306612134e-06,-3.132332737247149e-06,-2.609460304180781e-05,-2.206957433372736e-05,-1.5601535172512133e-05,-7.363160451253255e-06,6.832260017593702e-07,3.677870457371076e-06,5.537426720062891e-06,3.611684466401736e-06,1.850856157640616e-06,-8.75815749168396e-07,-4.19618251423041e-06,-5.532754585146904e-06,-6.0784087205926575e-06,-5.531427450478077e-06,-3.9976400633653006e-06,0.0295855355759461,0.1776622891426086,0.7869095938590666,4.0079964319864905,31.45682092110316,73.01649749477704,73.84033548732599,70.11224924740381,62.19878329485655,52.90139363606771,43.25519912516077,37.16673335408171,44.56373063872258,51.76714223225911,56.90893143812816,59.47194628392656,67.17667182808121,75.18490783969561,82.677818321685,81.52184752250712,76.42304279406865,305859.97578125,260058.11979166663,234350.26432291663,203217.03841145837,183673.483203125,163945.64752604166,140640.86940104168,122794.73385416668,108080.15260416668,95471.6640625,74565.40930989584,57582.63912760417,43249.97174479167,30786.92311197917,19689.9017578125,14557.773046875,9669.778776041669,7311.951432291667,5007.8908203125,2753.05205078125,543.9759440104167,-0.0004566609859466,0.0014576315879821,0.0029700676600138,0.0022932410240173,0.003582207361857,-0.0091232736905415,0.0097578843434651,-0.0457881291707356,-0.0655407269795735,-0.0584332148234049,-0.0356646219889322,-0.001257578531901,0.0089059193929036,0.0112775166829427,0.0208574930826822,0.0235425949096679,0.0129170099894205,0.0046379725138346
10,998.63875,16.832347869873047,6.957439472898841e-05,1.886810423457064e-05,8.322909707203507e-06,-1.6259855328826234e-06,-3.146742528770119e-07,6.838208719273098e-06,339.3113098144531,356.8919372558594,355.52166748046875,353.9549560546875,349.8200378417969,345.1264038085937,339.9927062988281,343.45379638671875,337.69927978515625,335.43072509765625,11.344834327697754,12.085176467895508,12.859861373901367,13.676386833190918,1.7451167106628418,299.17378997802734,301.3794174194336,0.0014416938647627,0.5483715534210205,0.253096342086792,0.5273427963256836,3.768262047287864e-06,-3.373424988240004e-06,0.0003930777311325,-0.0009580720216035,-102.4140625,2699515520.0,2868925824.0,2699515264.0,2869910144.0,-2.842231750488281,913.564453125,-0.0001144484849646,-43.51727294921875,-295.46343994140625,-43.75439453125,-0.0007895156741142,-1063669.25,-157515.0,0.1686071157455444,67.74237908422947,0.0004474632441997,0.0003120051696896,0.0004004735965281,0.0002844110131263,0.0006848773919045,304.19762420654297,1.3230572221800683e-05,-1.1541051208041608e-05,-2.6589696062728763e-06,-4.4624030124396086e-06,-8.011251338757575e-06,-2.61206878349185e-05,1.0498217307031156e-05,1.615943619981408e-05,2.4452805519104004e-05,5.308480467647314e-05,0.000105905579403,0.0001128778094425,0.000104570412077,0.0001036513131111,0.0001148062292486,0.0001222597202286,0.0001217119861394,0.000118137220852,0.0001153971534222,0.0001062104711309,9.12877731025219e-05,0.0287793241441249,0.2058999699656851,0.7446606159210205,3.96902290917933,30.872264862060547,93.96605682373048,95.91976916790009,87.85167764127254,97.00027465820312,96.07380676269533,79.28701862692833,77.06729125976562,78.00933074951172,78.96197509765625,88.34394842386246,90.79544830322266,93.31497955322266,95.21372985839844,94.30106353759766,92.84732055664062,86.91670989990234,305821.10546875,260136.32421875,234471.505859375,203265.224609375,183637.91796875,163853.578125,140791.865234375,122916.380859375,108117.35546875,95438.615234375,74410.3857421875,57333.4111328125,42964.1064453125,30454.5654296875,19348.9462890625,14235.6982421875,9369.1220703125,7019.8984375,4724.2265625,2478.68798828125,276.25390625,0.0007345676422119,-0.0017986893653869,0.0016129910945892,0.0046069920063018,-0.0131496787071228,0.0533012747764587,-0.2552039623260498,-0.4462928771972656,-0.5285096168518066,-0.5316410064697266,-0.5045232772827148,-0.564265251159668,-0.5802621841430664,-0.55462646484375,-0.4537343978881836,-0.2593669891357422,-0.0977969169616699,-0.0191326141357421,6.901559337629468e-06,9.660505368054602e-06,3.27717806069353e-07,-2.690952235522709e-07,-3.8207500383400974e-06,-4.699398066436549e-06,333.1723124663035,354.6112556060155,351.4778064727783,349.1558746099472,342.4154537439346,335.2815256436666,331.3236379146576,332.5525581518809,328.06781533559166,326.3842920382818,18.02963156327605,14.073162748819838,18.491179530601947,14.577770174263666,1.2856441642342058,298.19533284505206,302.4292877197266,0.0001720463857054,0.05735445022583,0.0548111756642659,0.0435300827026367,-2.1523349763204654e-07,1.387243779997031e-07,0.0001717279354731,2.011085549990336e-05,184.72057291666667,2701858030.9333334,2819976695.4666667,2700334139.733333,2820618965.333333,0.0440475463867187,1208.7408203125,-7.292434068707128e-05,-13.392069498697916,-182.8784952799479,-15.794112141927084,1.2235157191753389e-05,-658362.0333333333,-56859.43333333333,0.0285216649373372,47.2321981271108,4.565389826893807e-05,3.459993749856949e-05,4.77916095405817e-05,3.4296046942472457e-05,8.208652337392172e-05,303.60643864654435,8.70296498760581e-06,-6.310569006018341e-06,-6.947531558883687e-06,-8.978114540999135e-06,-8.267853021000822e-06,-2.962843670199315e-06,-2.4949087916562957e-05,-2.316768902043501e-05,-1.5684023189047973e-05,-7.854409826298555e-06,7.838243618607521e-07,3.741650531689326e-06,4.889571573585272e-06,2.680268759528796e-06,2.673237274090449e-06,-4.485249519348145e-07,-4.116546673079332e-06,-5.659367889165878e-06,-6.94255189349254e-06,-6.465218029916287e-06,-4.692321332792441e-06,0.0318922442694505,0.1828525859629735,0.7368684609731039,3.879387167654932,30.792851431171098,74.73129523992539,72.07918254882097,70.04643234238029,64.97197837978601,53.88863651057084,43.11088698407014,35.712466430664065,43.85355682373047,52.00133361816406,55.717135502398015,58.07686065932115,65.41529490152995,74.20070680528879,83.34864912653963,83.26052342404923,77.8874722311894,305845.2364583333,260166.471875,234413.075390625,203248.53776041663,183679.14934895837,163952.75520833334,140659.688671875,122830.9484375,108135.70651041668,95541.269140625,74648.80859375,57665.15286458333,43328.66497395833,30863.343359375,19764.7337890625,14631.520768229168,9743.400520833333,7385.988802083333,5083.104557291666,2829.8609700520838,622.0324869791667,0.0006120562553405,0.0001167019208272,0.0028324306011199,0.000769567489624,0.0012483716011047,-0.0107219099998474,0.0028983910878499,-0.0463006019592285,-0.0664586702982584,-0.065957768758138,-0.0465091705322265,-0.0006577809651692,0.0137272516886393,0.0103001276652018,0.0130320866902669,0.0126135508219401,0.0024528503417968,-0.0049638430277506
11,996.4075,15.720375061035156,6.3494429923594e-05,8.790273568592966e-06,1.2918583706778008e-05,1.9802380847977474e-05,8.073835488175973e-06,-2.274965027027065e-06,339.5860595703125,356.09967041015625,355.5059509277344,354.7163391113281,351.2635803222656,344.7045288085937,338.57086181640625,342.62109375,337.65802001953125,335.66778564453125,13.645746231079102,15.193513870239258,14.745793342590332,16.30401611328125,1.7788491249084473,299.00660705566406,301.0122375488281,0.0017015300691127,0.4847943782806396,0.2837328910827636,0.5341486930847168,2.300017513334751e-06,-1.196400262415409e-06,0.0018576085567474,-0.0008295439183712,735.4140625,2693939712.0,2861842944.0,2693940224.0,2862863616.0,-3.24722671508789,975.6279296875,-0.0001172235060948,-47.7247314453125,-297.5756225585937,-46.48876953125,-0.0009020082652568,-1071272.0,-167359.25,0.2400380373001098,67.13899993896484,0.0005110739730298,0.0005195830017328,0.0004726462066173,0.0004581809043884,0.0009308196604251,304.2093620300293,8.343427907675505e-06,-1.219782279804349e-05,-3.9505393942818046e-06,-7.195631042122841e-06,-1.1080861440859737e-05,-1.800950849428773e-05,1.869630068540573e-07,1.4972232747823e-05,3.363448195159435e-05,5.741184577345848e-05,0.0001078273635357,0.0001094657927751,0.000106849358417,0.0001005053054541,0.000107221188955,0.0001115663908421,0.0001106993295252,0.0001068792771548,0.0001035034656524,9.334052447229624e-05,7.878034375607967e-05,0.0331567041575908,0.2004665887216106,0.7177059650421143,3.934774875640869,34.48486328125,85.5365064740181,100.20980834960938,90.24153091013432,95.72431182861328,90.4576644897461,79.90119855850935,76.61415129899979,79.44638922810555,77.74932861328125,87.62562561035156,90.3599090576172,93.56098175048828,95.29854583740234,94.5124053955078,93.2838363647461,87.667236328125,305612.59375,259983.9296875,234230.419921875,203039.771484375,183482.806640625,163722.23828125,140623.80078125,122796.001953125,108012.625,95317.67578125,74228.1064453125,57142.8388671875,42800.7109375,30305.8447265625,19203.443359375,14088.3525390625,9220.3603515625,6870.54638671875,4574.474609375,2329.15673828125,127.7890625,-0.0017951428890228,0.0028367936611175,0.0010076165199279,-0.0031472444534301,-0.0090129971504211,0.039727509021759,-0.2063221931457519,-0.3335027694702148,-0.3817625045776367,-0.4657449722290039,-0.6547765731811523,-0.6478700637817383,-0.6231412887573242,-0.582249641418457,-0.3792943954467773,-0.2094793319702148,-0.085970401763916,-0.0303492546081542,6.078426421519493e-06,8.37287568677796e-06,1.1402158108791307e-06,6.814746370135497e-07,-1.5159836475699592e-06,-3.716889507908663e-06,332.5037123044332,354.2230009078979,351.0434757709503,348.8352710167567,342.2763909657796,335.1001574039459,331.49766583442687,332.32058075269066,327.9336401303609,326.0560707728068,18.254804549513697,14.264905177002465,18.58109515847949,14.586006254019836,1.3123204899524958,298.30625,302.1704498291016,0.0001527504374583,0.0644416093826294,0.0640528837839762,0.0586542129516601,-1.1064112186431885e-07,4.6232404808203385e-08,0.0016295919815699,-1.2064352631568909e-05,649.9377604166667,2696381132.8,2812642628.266667,2694653900.8,2813291084.8,-0.0491439819335937,1343.5731770833331,-7.401570134485761e-05,-15.633024088541667,-185.9815388997396,-15.266585286458334,-1.364511748154958e-05,-669534.65,-54959.98333333333,0.032260243097941,46.48963567366203,4.631131887435913e-05,4.595623662074407e-05,4.243042009572188e-05,4.560531427462896e-05,8.803419768810272e-05,303.5888284506144,1.0603646902988354e-05,-6.9587258622050285e-06,-6.032833092225095e-06,-8.18972863877813e-06,-9.380066573309402e-06,-4.681498588373264e-06,-2.5211600586771965e-05,-2.425163596247633e-05,-1.7043156549334527e-05,-9.047674636046092e-06,1.0506870845953624e-06,5.1282579079270365e-06,5.111020679275195e-06,3.4927080074946088e-06,3.450425962607066e-06,7.563581069310506e-07,-2.766369531551997e-06,-4.297393995026748e-06,-5.430355668067932e-06,-4.8102888589104015e-06,-3.1404119605819385e-06,0.0322643193105856,0.1937435666797682,0.6808641274770101,3.891856481817861,32.51354014078776,76.99760348498822,72.66270548502604,67.07062936834991,65.13993135442337,53.464240010579424,43.30273952608307,35.310990535716215,44.27115449756384,51.20363057454427,54.57736154695352,56.48649320925276,63.91764644334714,72.57960844834646,82.71236267785231,84.87072170972824,79.14813736577828,305658.41458333336,259991.88229166667,234236.49153645837,203038.5,183461.48671875,163750.35299479167,140473.46380208334,122663.08294270834,107984.315234375,95401.6375,74524.3966796875,57548.62408854167,43214.623828125,30747.97975260417,19646.172721354167,14510.413216145833,9620.391015625,7262.68701171875,4960.235611979167,2708.1248372395835,501.75319010416666,0.0004962782065073,-0.000944177309672,0.0009421865145365,0.0013569752375284,-7.435878117879232e-05,-0.0098644932111104,0.0007179737091064,-0.0432483037312825,-0.0636050224304199,-0.0678501764933268,-0.0559693654378255,-0.030580711364746,-0.0201903025309244,-0.0230700174967447,-0.022189712524414,-0.0161038080851236,-0.0156528790791829,-0.017320696512858
12,995.6325,15.430286407470703,6.901647429913282e-05,4.187418380752206e-05,3.849678978440352e-05,1.859257281466853e-05,-1.567058643558994e-05,-1.4612954146286938e-05,338.6907653808594,356.8933410644531,356.537109375,355.9395446777344,352.3676147460937,345.4219665527344,339.0052795410156,341.88092041015625,336.4784851074219,334.66363525390625,13.97808074951172,14.432785034179688,14.809463500976562,15.52073860168457,1.8231425285339355,299.0286636352539,301.0971984863281,0.0019383132457733,0.6967002153396606,0.2498785257339477,0.5572857856750488,2.961649840926839e-06,-4.467030521482229e-06,0.0012551397085189,-0.0009106639772653,485.671875,2690110464.0,2858319104.0,2690113280.0,2859366400.0,-3.8505630493164062,1012.5703125,-0.0001209137844853,-48.37664794921875,-329.0836181640625,-52.57708740234375,-0.0010696128010749,-1184701.5,-189275.75,0.2691215276718139,67.26041463017464,0.0005225674249231,0.0005362080410122,0.0005384222604334,0.000521722715348,0.001060152426362,303.52045822143555,2.348344423808157e-06,-1.152500044554472e-05,-3.899956936948001e-06,-1.289612555410713e-05,-1.1413721949793398e-05,-2.1083629690110683e-05,-1.089583383873105e-05,8.59500141814351e-06,3.0315248295664787e-05,6.378325633704662e-05,0.0001100129447877,0.0001172752818092,0.0001186495646834,0.0001086330739781,0.0001077529741451,0.0001081660157069,0.0001031009014695,9.870447684079409e-05,9.556941222399472e-05,8.688447996973991e-05,7.369427476078272e-05,0.0385344102978706,0.2058845162391662,0.6944577693939209,4.044161796569824,35.25820541381836,89.4285659790039,98.89152526855467,98.7110290825367,96.251953125,94.3292999267578,93.22620391845705,85.08528900146484,89.92179870605469,79.44139862060547,84.72948455810547,87.33064270019531,90.7202377319336,93.01838684082033,94.04287719726562,92.74678802490234,87.31461334228516,305296.11328125,259858.28515625,234054.474609375,202870.62109375,183365.103515625,163710.853515625,140571.431640625,122709.642578125,107894.513671875,95168.98828125,74074.150390625,57004.6064453125,42677.484375,30214.5810546875,19123.5400390625,14009.1875,9141.287109375,6791.69140625,4495.9599609375,2250.9580078125,50.0849609375,-0.0008326172828674,-0.000707596540451,0.0012710094451904,0.0010334253311157,0.0062993764877319,0.0177339315414428,-0.2025439739227295,-0.4405312538146972,-0.6570339202880859,-0.8069267272949219,-0.7605247497558594,-0.599482536315918,-0.4729547500610351,-0.428593635559082,-0.3655576705932617,-0.2213630676269531,-0.0830593109130859,-0.024233341217041,3.899448113463729e-06,6.9629466873827085e-06,-6.694512909164591e-07,6.553080662664625e-07,6.29501768359524e-07,-1.5846979688344254e-06,332.8518535375595,354.4617430051168,351.3180251200994,349.0901144425074,342.2977303584417,334.7384162505468,331.140013106664,331.9017672936122,328.0215807199478,326.0323463360468,20.43508847951889,15.92935005518763,20.59887995608151,16.15320763681084,1.279950728955252,298.2803944905599,302.04919281005857,0.0001837145537137,0.0640720129013061,0.0617119073867797,0.0464021682739257,-1.2878153938800098e-07,2.143555320799351e-07,-5.975763003031413e-05,-5.657548705736796e-05,-4.079427083333333,2692851097.6,2809150916.266667,2691124667.733333,2809836714.6666665,-0.164215342203776,1293.4661458333333,-7.51914883342882e-05,-15.884619140625,-191.919775390625,-16.880741373697916,-4.561270276705424e-05,-690911.2166666667,-60770.73333333333,0.0377316157023112,46.50506495535374,5.508338411649069e-05,4.318676268061002e-05,5.1032891497015954e-05,4.317800824840864e-05,9.421131884058316e-05,303.26010078327107,1.2640968391982217e-05,-9.440203818182153e-06,-6.136997641685108e-06,-6.145026418380439e-06,-9.158920147456228e-06,-5.90927666053176e-06,-2.4265272077172995e-05,-2.39410437643528e-05,-1.8106393205622832e-05,-1.2756666789452237e-05,-1.061319683988889e-07,5.1120684171716375e-06,5.6586305921276414e-06,5.827386242647966e-06,5.951081402599812e-06,3.0549708753824234e-06,-1.196035494407018e-06,-3.193093774219354e-06,-4.196624892453352e-06,-3.5891464600960413e-06,-2.026852841178576e-06,0.0362992520133654,0.1894711454709371,0.7872001806894938,4.0491336186726885,33.20707548658053,77.08032364447912,68.78076136857271,67.6050726334254,67.58816630033155,55.44436270718773,44.628571447978416,35.13460337320964,44.35383579581976,50.76106516520182,55.21621449788412,57.177569121619065,67.26185972268382,75.02734781006971,84.02768504917621,84.87855049918095,79.28445976823568,305415.11432291666,259779.95338541668,234095.56627604167,202971.032421875,183373.26666666663,163677.9703125,140391.58541666667,122567.62734375,107876.862109375,95289.187890625,74410.14459635416,57444.42805989584,43120.833333333336,30661.375846354167,19564.655078125,14430.684244791666,9544.732421875,7189.6671875,4888.697916666667,2637.538151041667,431.87024739583336,-0.0008459130922953,0.0006807049115498,-0.0018864591916402,-0.0004305601119995,0.001346464951833,-0.005669609705607,0.0268919785817464,-0.0207803090413411,-0.0328013737996419,-0.032028579711914,-0.0388230005900065,-0.031434694925944,-0.0360511144002278,-0.0434325536092122,-0.0393145243326822,-0.0190123875935872,-0.0043815612792968,0.0008062044779459
13,995.6075,17.323726654052734,6.940591265447438e-05,6.140387267805636e-05,4.406501830089837e-05,2.1802175979246385e-05,-1.49459674503305e-05,-1.1216407983738463e-05,339.03778076171875,357.04638671875,357.3977966308594,356.7870178222656,353.1200561523437,345.36529541015625,338.6776123046875,341.7867431640625,336.3592834472656,334.77740478515625,17.191741943359375,14.599981307983398,18.53205299377441,16.193552017211914,1.9805454015731807,298.97276306152344,301.2274703979492,0.0017737112939357,0.7950146198272705,0.3001191616058349,0.6398563385009766,6.122048944234848e-06,-2.922024577856064e-06,-0.0013345628976821,-0.0012385752052068,-494.078125,2693264512.0,2862725504.0,2693262720.0,2863943168.0,-3.754928588867188,1076.29541015625,-0.0001352670951746,-52.246337890625,-342.42047119140625,-52.2796630859375,-0.0010430449619889,-1232714.25,-188207.0,0.2516098022460937,67.7630844116211,0.0004829978570342,0.0005629612132906,0.0004926992114633,0.0005552321672439,0.0010479325428605,303.57035064697266,-3.420835128054023e-06,-1.563195837661624e-05,-7.572089089080691e-07,-1.015121233649552e-05,-1.1167765478603542e-05,-2.1079787984490395e-05,-1.5269441064447165e-05,1.029972918331623e-05,4.321511369198561e-05,7.424619980156422e-05,0.0001165597932413,0.0001171275507658,0.0001169433817267,0.0001187826273962,0.0001182409469038,0.0001156427897512,0.0001123305410146,0.0001074920874089,0.0001027798280119,9.369081817567348e-05,7.990398444235325e-05,0.0451685637235641,0.2139043667120859,0.7241735458374023,3.89409413561225,26.05965418368578,82.67073848843575,98.60992431640624,98.04948425292967,94.90791308879852,92.51329803466795,96.53879544883966,87.640541061759,87.61577606201172,80.01542663574219,85.578369140625,87.71693420410156,91.1422882080078,93.78318786621094,94.68295288085938,92.32767486572266,86.92681884765625,305484.4375,259974.6796875,234341.328125,203199.826171875,183546.353515625,163819.732421875,140657.322265625,122815.794921875,107981.994140625,95232.404296875,74109.80078125,57053.111328125,42739.484375,30280.67578125,19194.84765625,14081.9677734375,9212.919921875,6862.8310546875,4566.7705078125,2320.95361328125,119.345703125,0.0015393197536468,0.0042171478271484,-0.0093749165534973,-0.0028333067893981,0.0123729705810546,0.0277058482170104,-0.1342639923095703,-0.4537768363952636,-0.7236685752868652,-0.8976421356201172,-0.8751068115234375,-0.7343168258666992,-0.7064332962036133,-0.7014675140380859,-0.4989852905273437,-0.2659187316894531,-0.0852899551391601,-0.0036482810974121,2.4941347764835994e-06,5.727087078642723e-06,-1.1016791588406202e-06,-4.485754727909328e-07,4.875819435558865e-07,-5.812097147867012e-07,332.8311855077744,354.3456188519796,351.3565399169922,349.1042171637217,342.2922627051672,334.7466136376063,330.95900139013924,331.795756149292,327.9191930850347,326.1590644280116,20.31997511602628,16.219249904473934,20.627841621746,16.349271123157813,1.267902666896892,298.1441131591797,302.20493570963544,0.0001841302961111,0.0493720531463623,0.057781982421875,0.0338207880655924,-3.822458287080129e-07,1.8728896975517272e-07,-0.0015715440114339,-5.291476845741272e-05,-560.6830729166667,2696167577.6,2812789964.8,2694277461.333333,2813498743.4666667,-0.3082567850748698,1285.9958984375,-7.408748691280682e-05,-19.863773600260416,-190.56574300130208,-18.842521158854165,-8.562306563059489e-05,-686036.5,-67832.18333333333,0.0431180397669474,46.63412831624349,5.0760557254155474e-05,5.1437256236871086e-05,5.114710268874963e-05,4.978446910778681e-05,0.000100933201611,303.24086508343623,1.080143265426159e-05,-1.0325350255394976e-05,-5.554558204797407e-06,-5.384466688459118e-06,-9.142379470479983e-06,-5.277151164288322e-06,-2.39868958791097e-05,-2.417073119431734e-05,-2.1260483966519438e-05,-1.450392883270979e-05,-1.2600251163045565e-06,3.920759384830793e-06,5.487810509900252e-06,5.456339567899704e-06,5.778406436244647e-06,3.4972326830029488e-06,-6.268421808878581e-07,-2.4572713300585746e-06,-3.1976417327920595e-06,-2.5897442052761714e-06,-1.2187364821632703e-06,0.039854563275973,0.1826609791178877,0.7886032740275065,3.9425962302212914,30.185896236201128,75.51655033230782,60.71891682942708,69.28038360327483,64.73430218696595,55.1127192179362,44.36174679001172,35.28794563859701,43.67184932952126,50.18559875488281,55.56190284863114,58.44610667427381,67.98218892415365,74.8850311279297,82.99384003678958,84.25487545778354,78.90038658777873,305609.5338541667,259987.15833333333,234275.16588541667,203146.32890625,183517.74322916663,163800.04895833333,140490.78216145834,122667.41927083331,107975.765625,95386.29049479168,74504.248046875,57539.5169921875,43218.35384114584,30759.44654947917,19663.338736979167,14531.473567708334,9648.022395833334,7293.077604166667,4991.933203125,2740.70849609375,535.2930338541667,-6.948312123616537e-05,0.0019062280654907,-0.0001833279927571,-2.974271774291992e-05,0.0046133120854695,-0.0009662429491678,0.0272162914276123,-0.0141553243001302,-0.0240614573160807,-0.0180518468221028,-0.0208906173706054,-0.0164658228556315,-0.0244934717814127,-0.0314247131347656,-0.0340000788370768,-0.0100865681966145,0.0103352864583333,0.0167791684468587
14,995.456875,18.57865524291992,7.827822264516726e-05,7.493271550629288e-05,2.9326047297217883e-05,6.656850018771365e-06,-2.194978151237592e-05,-2.053738171525765e-05,339.31842041015625,358.9450988769531,358.1069641113281,356.6492919921875,353.7790832519531,345.5484619140625,338.398681640625,340.1990966796875,336.4517822265625,334.9549560546875,17.181995391845703,14.610915184020996,18.77684211730957,16.23336410522461,1.9830924272537231,298.8356628417969,301.38948822021484,0.0017031133174896,0.8565106391906738,0.3201117515563965,0.7747650146484375,6.33695162832737e-06,1.1490192264318469e-07,0.0007184296846389,-0.0010252017527818,655.33984375,2696080896.0,2865168000.0,2696080512.0,2866584064.0,-3.402454376220703,1093.2490234375,-0.0001362333132419,-53.6326904296875,-349.4452514648437,-49.72967529296875,-0.000945127569139,-1258004.25,-179027.5,0.2469326257705688,67.61343438923359,0.0004655988886952,0.0006015915423631,0.0004730876535177,0.0005886652506887,0.0010617673397064,303.6284866333008,-7.072958396747708e-07,-1.855062146205455e-05,-2.113054506480694e-06,-7.609894964843988e-06,-1.1112817446701229e-05,-1.5008030459284782e-05,-9.068753570318222e-06,2.061238046735525e-05,4.5639462769031525e-05,8.107884787023067e-05,0.0001210968475788,0.0001307603670284,0.0001193251227959,0.0001150367315858,0.0001166885485872,0.000114555703476,0.0001103321556001,0.0001058214111253,0.000104205450043,9.715801570564508e-05,8.365302346646786e-05,0.0427753143012523,0.1575091779232025,0.8626148183830082,4.530292566865683,23.277811251580715,90.52522327005865,97.9221420288086,96.90862277150154,95.7147142738104,96.07001495361328,98.22683715820312,89.18266250193119,87.94580116868019,76.45298767089844,85.16844940185547,87.88177490234375,91.46133422851562,93.83023834228516,94.70222473144533,92.37220764160156,86.99752807617188,305770.11328125,259971.78125,234330.8984375,203395.939453125,183729.41015625,164045.763671875,140847.783203125,122906.73828125,108024.568359375,95271.0546875,74153.166015625,57091.896484375,42783.513671875,30339.359375,19253.23046875,14139.552734375,9270.337890625,6920.0234375,4623.404300689697,2377.562255859375,176.2412109375,-0.002674400806427,0.0100654959678649,-0.0015169978141784,-0.0139935612678527,-0.0003164410591125,-0.022459864616394,-0.2240626811981201,-0.6235370635986328,-0.8873510360717773,-0.9735193252563475,-0.8653173446655273,-0.6173906326293945,-0.5248870849609375,-0.542449951171875,-0.4364404678344726,-0.2408351898193359,-0.09112548828125,-0.0245656967163085,1.1212156552508254e-06,6.280045386379089e-06,-5.821994987433484e-07,-3.148589351036994e-07,1.24923115474689e-06,8.681538981160596e-07,333.06552805105844,354.61584610144297,351.82353110313414,349.30874673525494,342.34872881571454,334.77662476698555,331.0464601198832,332.07164526780446,328.0911542574565,326.68118195533754,20.288449197402223,16.384687256254256,20.764808406836043,16.550097502279094,1.3107630306166054,297.6986938476563,303.05417887369794,0.0001603634407122,0.0436485449473063,0.0561619440714518,0.0284497578938802,-4.3930097793539364e-07,3.014768784244855e-08,0.000558445851008,-4.327694574991862e-05,262.0971354166667,2699403153.0666666,2816325222.4,2697341516.8,2817062869.333333,-0.269305674235026,1221.9029296875,-7.60942076643308e-05,-34.80921630859375,-192.50542805989585,-35.095454915364584,-7.480494678020477e-05,-693019.9,-126343.05,0.0429909785588582,46.75372052788735,4.052119329571724e-05,5.120976517597834e-05,4.454436711966992e-05,5.179842313130696e-05,9.634202967087428e-05,303.2259622223752,8.734945246639352e-06,-1.2292160924213628e-05,-6.506993668153882e-06,-4.948660110433896e-06,-9.647228095370034e-06,-5.342776421457529e-06,-2.472139506911238e-05,-2.491958439350128e-05,-2.322314151873191e-05,-1.5662602769831817e-05,-2.1647196263074874e-06,2.3876006404558816e-06,5.470705218613148e-06,5.923211574554443e-06,6.14653496692578e-06,4.758693588276704e-06,1.3302934045592944e-06,-4.493864253163338e-07,-1.6225967556238174e-06,-1.0915721456209818e-06,-2.9065025349458057e-07,0.0390367838845122,0.1730909446875254,0.8026167517372718,4.183801131136716,29.15144749383132,75.97649587094784,58.09269940356413,73.00132720271746,61.52541421554052,52.794390011827154,42.87641087720792,34.679624544580776,43.50787725150585,50.20387624253829,55.667372131347655,59.214456590513386,66.91250943566362,73.15328188811739,80.2806809425354,80.10197606484095,74.40208739216129,305794.0875,260118.00989583333,234393.50013020835,203326.89557291663,183703.1848958333,163963.91080729166,140636.43216145833,122801.553125,108093.8796875,95491.97044270832,74597.72838541666,57628.200390625,43305.8740234375,30842.68046875,19741.394596354166,14607.982552083333,9721.214778645834,7363.580403645833,5059.427083333333,2804.342919921875,594.6860026041667,-0.0002915461858113,0.0011024395624796,-0.0013978441556294,-0.0062533338864644,-0.0019670208295186,-0.0050191402435302,0.0180438518524169,-0.020222536722819,-0.0356895446777343,-0.0313371658325195,-0.0322842280069987,-0.0433108647664388,-0.0537279764811197,-0.0537555694580078,-0.0501365661621093,-0.029857317606608,-0.0164399147033691,-0.012881851196289
15,993.253125,19.78438377380371,9.278305515181272e-05,4.764650293509476e-05,1.9847175281029195e-05,-1.0833391570486128e-06,-2.4292239686474204e-05,-1.7198075511259958e-05,339.4051818847656,359.6182556152344,357.8290710449219,356.9756164550781,353.9100952148437,346.760498046875,339.02703857421875,339.1772766113281,336.107666015625,334.3812866210937,14.902887344360352,13.810693740844728,16.64059066772461,15.447369575500488,2.108499050140381,298.8960189819336,301.27545166015625,0.0014138035476207,0.7981321811676025,0.3435618877410888,0.774627685546875,1.2558186426758766e-05,-2.4028122425079346e-06,0.0022008568048477,-0.0009916611015796,1113.0390625,2691238528.0,2858844800.0,2691240192.0,2860424576.0,-3.5190887451171875,1181.7587890625,-0.0001468501868657,-50.45465087890625,-318.776611328125,-40.54327392578125,-0.0009775143116712,-1147593.5,-145957.75,0.2980035543441772,67.02054595947266,0.0003875782713294,0.0007218634709715,0.0003927231300622,0.0006887428462505,0.0010814443230628,303.6716499328613,-5.916721420362592e-06,-1.9450351828709245e-05,-3.306122380308807e-06,-6.051152013242245e-06,-9.673371096141636e-06,-2.529160701669753e-05,-2.713059075176716e-06,3.0121707823127508e-05,5.882419645786285e-05,8.737470488995314e-05,0.0001361755421385,0.0001506289700046,0.0001422102795913,0.0001215185038745,0.0001149744493886,0.0001117676729336,0.0001112907193601,0.0001095480984076,0.0001059480709955,9.640108328312635e-05,7.930526044219732e-05,0.0503157339990139,0.1205989867448806,0.7832135581411421,5.798922056332231,25.775041215121743,96.24768041074276,99.94957733154295,99.10514831542967,99.78207397460938,96.41168975830078,93.67170715332033,92.57221221923828,87.35077667236328,76.38378143310547,83.79681396484375,85.1843032836914,88.85040284693241,91.56371307373048,93.5717315673828,89.8897476196289,85.1093978881836,305617.203125,259874.80859375,234118.51953125,203157.705078125,183623.802734375,163989.251953125,140792.943359375,122793.271484375,107911.3671875,95160.0390625,74030.46484375,56942.4482421875,42618.65234375,30182.001953125,19102.90625,13988.130859375,9116.2626953125,6763.86328125,4464.63818359375,2215.240966796875,11.541015625,-0.0013754069805145,-0.0017935633659362,0.0028228163719177,-0.0079246759414672,-0.0063756704330444,0.0065779685974121,-0.4244990348815918,-0.7423887252807617,-0.916423797607422,-0.9656047821044922,-0.797149658203125,-0.5610408782958984,-0.4621515274047851,-0.4902267456054687,-0.4411230087280273,-0.2708015441894531,-0.1130862236022949,-0.040205955505371,5.692867061877586e-07,9.681066780477716e-06,5.984940658604794e-07,-3.82590540636459e-07,5.67600732392463e-07,6.441602263778749e-07,333.9999000310898,355.10566522280374,352.36469440460206,349.45951307614644,342.23322575887045,334.8620418548584,331.4843328555425,332.61066496372223,328.72301297982534,327.6489930470785,20.402043585975964,16.594199614801134,20.913043417409064,16.806817474641623,1.3320518235874867,297.56690673828126,303.65984903971355,0.0001266244798898,0.0479564030965169,0.0622960249582926,0.0311200459798177,-8.430099114775657e-07,1.228336865703265e-07,0.0019201507170995,-2.8048455715179443e-05,764.4046875,2695361237.333333,2813165201.0666666,2693244253.866667,2813920341.333333,-0.1574152628580729,1354.8235677083333,-7.551260641776025e-05,-42.13873291015625,-171.5766805013021,-41.892842610677086,-4.373180369536082e-05,-617675.2666666667,-150814.61666666667,0.0285152435302734,47.10649668350816,3.563550611337026e-05,2.3610517382621764e-05,3.517349250614643e-05,2.4700040618578597e-05,5.987181017796199e-05,303.233078016461,7.249385816976428e-06,-1.2775788006062307e-05,-7.5829690710331006e-06,-5.143865322073301e-06,-1.1193004320375622e-05,-4.998951529463132e-06,-2.547458279877901e-05,-2.6854410922775666e-05,-2.488072495907545e-05,-1.7705288094778855e-05,-3.654222624997298e-06,-8.70941827694575e-08,4.62304645528396e-06,5.801573085288207e-06,6.36583815018336e-06,5.117043231924375e-06,1.6455150519808134e-06,2.041924744844437e-07,-2.378520245353381e-07,3.728239486614863e-07,1.0643464823563893e-06,0.0371351920242887,0.1621603674332921,0.8013822024532904,4.552506349980831,32.6775034353137,79.38111930986246,58.8851280550162,75.49493320162098,62.00571345525484,53.11504743471742,42.33992678349217,35.43082733154297,44.8355827331543,50.59605051763356,56.55413589477539,60.26291763459643,67.03823447624842,72.39921196003755,78.82871905167897,77.6602966333429,72.62428741455078,305622.13359375,259919.065625,234161.65091145836,203170.46731770836,183600.47057291667,163904.15572916667,140577.75559895832,122723.17291666666,107995.89375,95383.8546875,74489.48606770833,57522.11809895833,43200.912890625,30730.860872395835,19621.694010416668,14485.225065104169,9593.426302083331,7231.961067708334,4923.183561197917,2662.951969401042,449.45403645833335,-0.0003432909647623,0.0010246634483337,0.0010109027226765,-0.0053594311078389,-0.0040555795033772,-0.0115033785502115,0.0178557078043619,-0.0290566762288411,-0.0548035303751627,-0.0502365112304687,-0.0457576751708984,-0.0510435740152994,-0.0586282730102539,-0.0529050191243489,-0.0506060282389322,-0.0371429443359375,-0.0328561782836914,-0.0336192448933919
16,998.100625,15.200376510620115,5.65043264941778e-05,4.127128340769559e-05,1.4049026503926145e-05,-1.0619518434396014e-05,-1.4478687262453604e-05,-2.0181956642773e-05,336.57275390625,359.1429443359375,357.29156494140625,355.401611328125,351.46014404296875,345.3218688964844,338.472900390625,338.85308837890625,335.3124389648437,332.832275390625,14.019392013549805,15.097368240356444,16.111038208007812,17.36339569091797,1.2920727729797363,298.78173065185547,301.4528579711914,0.0015588216483592,0.6215082406997681,0.2221992015838623,0.7519960403442383,9.58539021667093e-06,-6.261980161070824e-07,0.000372290611267,-0.0007050782442092,-36.01953125,2691550208.0,2854623104.0,2691551232.0,2855739904.0,-3.576332092285156,972.474609375,-8.549838094040751e-05,-27.53179931640625,-317.51446533203125,-38.3447265625,-0.0009934045374393,-1143053.25,-138040.5,0.2698831558227539,65.20861053466797,0.0004015723243355,0.0007023187354207,0.0004330030642449,0.0007130140438675,0.0011460054665803,303.75170516967773,-1.0314295650459826e-05,-1.5518104191869497e-05,-4.254470695741475e-06,-1.2059055734425783e-05,-9.807481546886264e-06,-2.10965663427487e-05,4.199042450636625e-06,3.60351987183094e-05,5.6932331062853336e-05,7.670989725738764e-05,0.000132008572109,0.0001401249319314,0.0001269441563636,0.000107827479951,9.105494245886804e-05,6.999797187745571e-05,5.274044815450907e-05,4.6600354835391045e-05,4.5113381929695606e-05,4.2050727643072605e-05,3.719213418662548e-05,0.0459757670760154,0.1415397822856903,0.6958133578300476,5.811325073242188,29.525576435029507,93.62529754638672,98.97441864013672,98.9859619140625,97.4744720607996,94.57550811767578,91.52057647705078,91.80299392342567,88.11726352572441,78.57109069824219,85.8587417602539,86.51628112792969,87.51193237304688,90.88701629638672,92.96441650390624,89.77808380126953,84.0885009765625,305562.375,260041.890625,234280.005859375,202999.71484375,183572.78515625,163879.7890625,140684.580078125,122693.74609375,107824.810546875,95097.779296875,74034.53125,56986.1103515625,42676.740234375,30254.5458984375,19191.9501953125,14087.59765625,9228.021484375,6882.25146484375,4589.34521484375,2345.724365234375,144.58642578125,0.0036837756633758,0.0003167986869812,-0.0030139684677124,0.0052747726440429,0.0053479671478271,0.0246285200119018,-0.2448577880859375,-0.4757809638977051,-0.6210641860961914,-0.6244726181030273,-0.4653730392456054,-0.3114786148071289,-0.1800537109375,-0.2997217178344726,-0.3600482940673828,-0.1961965560913086,-0.065988540649414,-0.010939598083496,2.7719466903136646e-06,9.59816565577638e-06,4.673856678396223e-08,-1.8877159929353875e-06,-2.346972936789528e-06,2.511826526817076e-07,333.8674836397171,356.0018380244573,352.8863566080729,349.50828715165454,342.0606064399083,334.4273390611013,331.7823152939479,333.5021679083506,329.8655206839244,327.9811856428782,19.979465675260872,17.120426122378557,20.51415436671426,17.324371951828166,1.2418814103007512,297.25084025065104,303.9387873331706,0.0001191264018416,0.0539494514465332,0.0551851431528727,0.028102175394694,-6.33570016361773e-07,1.2580615778764089e-08,-0.0005735715230305,-8.074939250946045e-06,-64.921875,2692779485.866667,2809174587.733333,2690392797.866667,2809909393.0666666,0.0569452921549479,1386.0828776041667,-5.9845566283911467e-05,-24.71559651692708,-166.14090169270833,-31.894140625,1.581062873204549e-05,-598108.5166666667,-114818.86666666668,0.0317178646723429,46.54318610678117,3.554327413439751e-05,2.976028869549433e-05,3.309079135457675e-05,3.0055642127990723e-05,6.31473958492279e-05,303.19662181495795,6.049294218731423e-06,-1.1769658885896208e-05,-7.874849446428319e-06,-6.801402196288109e-06,-1.3142025757891436e-05,-4.755830741487444e-06,-2.6812253054231405e-05,-2.921396711220344e-05,-2.815107970188061e-05,-1.801760712017616e-05,-2.6067175591985384e-06,-8.357766394813855e-07,6.273295730352401e-06,8.93323061366876e-06,8.845779423912367e-06,8.543518682320912e-06,6.545924892028173e-06,5.218953204651674e-06,4.0922624369462335e-06,3.982575920720895e-06,4.068094616134961e-06,0.0371958598494529,0.1422355830669403,0.7299304892774672,4.6546783447265625,36.096177689234416,82.24946377674739,61.28315073375901,73.87363950411479,64.82459816733996,54.720345915853976,38.11513617386421,31.58274802615245,44.488178882996245,50.68423061495026,56.50974378262957,57.71118018776178,63.81940679003795,69.91908692717553,77.52672317350904,77.17922904441754,72.50017083634933,305791.09869791666,260032.7106770833,234156.53359375,203106.18216145836,183586.02395833333,163939.46536458333,140611.02265625,122716.28723958334,107963.44518229166,95345.821875,74444.8107421875,57465.298177083336,43135.38919270833,30651.707096354166,19524.042643229168,14377.449348958333,9475.362890625,7109.7373046875,4797.469694010417,2534.4468587239585,320.410546875,0.0001611451307932,0.0014152208964029,0.0044876853624979,0.0026601791381835,0.0007908662160237,-0.0078658541043599,-0.0015650431315104,-0.0446613311767578,-0.070120620727539,-0.0589202880859375,-0.0374743143717447,-0.0224217096964518,-0.0332810719807942,-0.0242644627888997,-0.0113997141520182,-0.0054414749145507,-0.0056564966837565,-0.0089444478352864
17,998.325,15.601810455322266,5.837724165758118e-05,2.1587698938674293e-05,6.495445632026531e-06,-1.279604111914523e-05,7.407201337628066e-06,6.721834779455094e-06,337.8266296386719,357.5484313964844,356.3855895996094,354.8749389648437,351.17266845703125,346.71832275390625,340.4840087890625,339.21197509765625,335.581298828125,334.23809814453125,14.801240921020508,13.614822387695312,17.714473724365234,16.444026947021484,1.5872453451156616,298.9156723022461,301.5910720825196,0.0015048524364829,0.3523602485656738,0.1966402530670166,0.7269458770751953,2.261411566450988e-06,7.392372936010361e-09,-0.0015602260828018,-0.0010536313056945,-1002.9765625,2694733056.0,2859723136.0,2694733824.0,2860687104.0,-2.9321441650390625,922.3916015625,-9.728674194775522e-05,-29.90899658203125,-301.2689208984375,-35.65570068359375,-0.0008144658058881,-1084572.25,-128358.75,0.2278406620025634,65.9758592247963,0.000430051703006,0.0006376635283231,0.0004180185496807,0.0006696935743093,0.0010877083986997,303.7715187072754,-4.26823680754751e-06,-1.0264644515700638e-05,-9.179275366477668e-06,-1.2794480426236989e-05,-1.2110482202842832e-05,-1.1255600838921964e-05,4.653178621083498e-06,3.299850504845381e-05,5.6112068705260754e-05,7.493584416806698e-05,0.0001241764985024,0.0001345236087217,0.0001234863884747,9.20385355129838e-05,7.9863122664392e-05,7.23050907254219e-05,6.790051702409983e-05,6.607931572943926e-05,6.358278915286064e-05,5.914899520576e-05,5.178514402359724e-05,0.0436883009970188,0.1241459995508194,0.7271607518196106,5.009830931201577,30.136130265891552,69.88890838623047,100.23136901855467,98.43595886230467,97.77973175048828,92.29286973178388,83.21318817138672,87.9626008272171,84.85923746228218,75.9129032343626,83.14771255850792,86.60758972167969,89.34123229980469,91.8366241455078,93.7660675048828,90.21497344970705,84.3133773803711,305885.3046875,260355.8515625,234383.939453125,203162.552734375,183703.12890625,163932.091796875,140720.84375,122817.884765625,107993.662109375,95283.072265625,74209.0908203125,57118.4072265625,42758.994140625,30293.7919921875,19219.6318359375,14106.7109375,9240.16064453125,6891.72021484375,4596.71044921875,2350.7509765625,147.06103515625,-0.0004655122756958,0.0021433532238006,-0.0001099705696105,0.007928729057312,0.0066128373146057,0.0250139832496643,-0.1367576122283935,-0.3381085395812988,-0.4253554344177246,-0.3885450363159179,-0.3891010284423828,-0.504887580871582,-0.5579643249511719,-0.6385135650634766,-0.5839605331420898,-0.3177833557128906,-0.0930047035217285,0.004897117614746,4.633593667981509e-06,9.849531196120624e-06,-2.53508393913716e-07,-3.1651622498710005e-06,-5.000659927281432e-06,-1.9091996405159784e-06,333.1349522034327,355.8185860792796,352.5171759525935,349.203981145223,341.7468500216802,334.3337792952855,331.5275936126709,333.2847910086314,329.52290534178417,327.6590189059576,19.415411041583862,16.62443878281241,20.21832720084737,17.210325547268926,1.3042787406535354,297.5148396809896,303.4654769897461,0.0001638350387414,0.0569243510564168,0.0423373858133951,0.0200173060099283,-1.812964910641313e-07,-6.906532992919287e-08,-0.001684546470642,3.0100718140602117e-05,-415.46953125,2694742400.0,2809502506.6666665,2692232217.6,2810251921.0666666,0.0910847981770833,1507.3930989583334,-6.0739703864480056e-05,-8.886800130208334,-161.1115926106771,-10.952547200520833,2.5308504700660705e-05,-580001.3166666667,-39429.316666666666,0.0279729048411051,45.8894607325395,4.577683284878731e-05,2.8158538043498996e-05,4.551047459244728e-05,2.864710986614227e-05,7.415798803170523e-05,303.1733041877264,5.284884052040676e-06,-1.0908227219867207e-05,-8.385483912813167e-06,-6.364947572971383e-06,-1.1880819996198018e-05,-6.752644549123943e-06,-2.7217921645691e-05,-2.977179440980156e-05,-2.8076213008413717e-05,-1.7906399443745612e-05,-7.25996990998586e-07,-1.971221839388212e-07,6.2106021990378695e-06,1.041373082747062e-05,1.051509752869606e-05,1.0007464637358984e-05,7.151315609614055e-06,5.204331440230211e-06,3.7211459130048754e-06,3.2151583582162857e-06,3.144090684751669e-06,0.0361302412338166,0.1441619704167048,0.6405462683023264,4.088988355485101,32.47285302976767,81.23771749138832,71.12849253416061,75.80484028235078,67.49049476782481,56.3398651778698,36.72726789663236,31.0189704567194,43.65831863159935,49.38558300534884,54.740903762479626,56.09755956530571,61.70563720439871,68.35264482870699,77.57306009928385,79.44599553098281,74.46723780060807,306001.2546875,260322.60390625,234391.15807291667,203199.4171875,183616.36940104168,163931.76497395834,140629.77825520834,122745.57278645832,108007.359375,95400.7140625,74513.84147135417,57537.204361979166,43207.1490234375,30723.139583333334,19592.268424479167,14442.76953125,9537.842578125,7171.640169270833,4859.971940104167,2598.810872395833,386.9572265625,0.0011687239011128,-0.002246481180191,0.0019574046134948,0.0040764371554056,0.0069421013196309,0.0005695859591166,-0.0089720884958902,-0.0622674624125162,-0.0839546203613281,-0.0705243746439616,-0.0278502782185872,0.010262107849121,0.012664794921875,0.0118769327799479,0.0135110855102539,0.0139619827270507,0.0119789123535156,0.0075674692789713
18,999.7375,16.568387985229492,4.16891671193298e-05,4.386614091345109e-05,1.3615730495075695e-05,-3.5871480577043258e-06,1.1318135875626467e-05,-2.2383069335774053e-06,338.333984375,356.8033752441406,356.19500732421875,354.83843994140625,351.83660888671875,346.54205322265625,341.1947937011719,341.38543701171875,336.4720153808594,334.64080810546875,15.261927604675291,13.140161514282228,17.194690704345703,15.287580490112305,1.5217983722686768,299.0355987548828,301.9312896728516,0.0015783729031682,0.3517683744430542,0.2452309131622314,0.6542463302612305,1.1731754057109356e-06,-2.178188879042864e-06,-0.0003596991300582,-0.0010209307074546,-255.62890625,2698042752.0,2867233024.0,2698045568.0,2868139648.0,-2.939533233642578,1019.1650390625,-9.31534159462899e-05,-28.75982666015625,-274.7760009765625,-28.67620849609375,-0.0008165342733263,-989193.0,-103234.0,0.2084717750549316,67.65464782714844,0.0005028932355344,0.0005560093559324,0.0004384326748549,0.0005769459530711,0.0010153716430068,303.83837127685547,1.9173749024048448e-06,-9.007431799545884e-06,-1.201630220748484e-05,-1.0874442523345351e-05,-2.134540409315377e-05,-5.868962034583092e-06,-4.137109499424696e-06,2.1415238734334707e-05,5.3761585149914026e-05,6.37442572042346e-05,0.0001174710923805,0.0001199196558445,0.0001115263439714,9.361736010760068e-05,8.776376489549875e-05,9.066215716302396e-05,8.837808854877949e-05,8.527981117367744e-05,7.922609802335501e-05,7.140019442886114e-05,6.180198397487402e-05,0.0405710823833942,0.1322894990444183,0.8226728439331055,3.393937110900879,28.11357879638672,69.52119445800781,102.12673950195312,99.6260757446289,96.18726348876952,89.28406524658203,87.59950256347656,90.418907225132,89.43180084228516,79.63164542615414,83.0670394897461,85.26805877685547,88.64588165283203,91.23316192626952,94.1504364013672,90.98445129394533,84.66670227050781,305931.35546875,260500.41796875,234512.19921875,203322.91015625,183684.029296875,164000.306640625,140770.498046875,122907.455078125,108100.720703125,95389.48828125,74302.9853515625,57223.28515625,42875.9208984375,30399.3603515625,19312.427734375,14193.7021484375,9322.9970703125,6972.77783203125,4675.95361328125,2428.66748046875,223.9404296875,0.0013990998268127,-0.0020908713340759,-0.0016759634017944,0.0088650584220886,0.018050730228424,-0.022022008895874,-0.1195147037506103,-0.3443250656127929,-0.516359806060791,-0.515312671661377,-0.5920581817626953,-0.6170454025268555,-0.6371889114379883,-0.671198844909668,-0.5271987915039062,-0.3242816925048828,-0.114201545715332,-0.0106439590454101,5.92001142293195e-06,5.087144159922457e-06,-2.7421580281850043e-06,-4.121599213557809e-06,-3.5788896648587118e-06,-3.193508996459279e-07,332.3140005668004,355.31880548795067,352.09869190851845,348.83795001506803,341.31841512521106,334.0802278200785,331.1698970397313,332.7907716671626,328.9698292573293,327.2746508359909,19.44899291470647,16.209763245866633,20.176633481060467,17.041355010847717,1.3440525508012795,298.0030151367188,302.8946166992188,0.0001523338258266,0.0407520055770874,0.0355315367380778,0.0131825764973958,-1.9524789725740754e-07,1.070943350593249e-07,-0.0001094788312911,4.783812910318375e-05,85.15546875,2697095048.5333333,2808990506.6666665,2694361173.333333,2809743505.0666666,0.0420511881510416,1648.7505859375,-6.10489883304884e-05,-7.5327392578125,-158.67615966796876,-9.29710693359375,1.168480763832728e-05,-571234.1166666667,-33469.7,0.0190565903981526,44.74367691278458,4.626456648111343e-05,1.5519155810276666e-05,4.231405134002368e-05,1.8494110554456712e-05,6.081008662780126e-05,303.1678899417958,5.519307645348211e-06,-1.0747561464086176e-05,-8.748295173669856e-06,-6.070661280925076e-06,-8.295492928785583e-06,-9.378883987665176e-06,-2.7633749414235358e-05,-3.053618129342794e-05,-2.8522122496118147e-05,-1.6500257576505343e-05,2.866533274451892e-07,1.0373846938212714e-06,5.955575034022331e-06,1.0987153897682826e-05,1.0433909483253957e-05,9.034178219735622e-06,6.688114566107591e-06,4.875900534292062e-06,3.674238299330076e-06,3.131059929728508e-06,2.886122092604637e-06,0.0340059883892536,0.160480111837387,0.6261121749877929,4.0064081192016605,29.83437703450521,74.31085713704427,74.34149893720945,75.63244781469305,64.32868339419365,55.92201249798139,34.72205403645833,29.97292250444492,42.23091161002716,46.70483301132917,51.66844490915537,53.69883059188724,59.10383446837465,65.82259470621744,76.39752734551827,81.4898895263672,76.33710213949283,306062.51796875,260448.58645833333,234550.7380208333,203317.75169270832,183729.38541666663,163960.87369791666,140658.24166666667,122798.36419270834,108077.52864583331,95480.58854166669,74609.68561197916,57638.64264322917,43310.4810546875,30825.272395833334,19685.33717447917,14530.734244791667,9621.655989583332,7254.309505208334,4942.740950520833,2683.380208333333,473.47744140625,0.0005740185578664,-0.0007232169310251,0.0002602577209472,-5.536079406738281e-05,-0.0017019550005594,0.0066764036814371,-0.0034291585286458,-0.0506435394287109,-0.0513036727905273,-0.0306463877360026,0.0099510828653971,0.0275050481160481,0.0234473546346028,0.0168476740519205,-0.0034096399943033,-0.0026920954386393,0.0001449902852376,-0.0020244280497233
19,997.1875,16.572795867919922,6.599092012038454e-05,4.17351839132607e-05,6.293158548942301e-06,-7.0926880653132685e-06,8.916672413761262e-06,-3.865022506488458e-07,338.2256774902344,356.46746826171875,355.8160400390625,354.5389404296875,352.152099609375,346.1593017578125,340.55059814453125,341.1529235839844,336.8822021484375,335.0528259277344,15.05608367919922,13.966552734375,15.878780364990234,15.103347778320312,1.5730705261230469,299.05519104003906,301.94779205322266,0.0014259796589612,0.3836239576339721,0.2669264078140259,0.5975894927978516,2.750195562839508e-06,-4.039611667394638e-08,0.0021271258592605,-0.0008105123415589,786.53125,2692280448.0,2860755712.0,2692280320.0,2861625344.0,-3.45889663696289,1151.1396484375,-9.666220284998416e-05,-30.76318359375,-248.303955078125,-28.4447021484375,-0.0009608166292309,-893894.0,-102403.75,0.2343794107437133,67.3683853149414,0.0003723357804119,0.0005822302773594,0.000396107090637,0.0005854568444192,0.0009815590456128,303.8374786376953,1.0663134162314236e-05,-1.242413418367505e-05,-1.3886077795177698e-05,-1.0133488103747368e-05,-1.3255426893010736e-05,-8.03053262643516e-06,-8.690403774380684e-06,1.860823249444365e-05,4.0953687857836485e-05,6.082130130380392e-05,9.990169201046228e-05,0.0001167150912806,0.0001121768727898,0.0001025818055495,0.0001017027534544,9.720155503600836e-05,8.921162225306034e-05,8.360680658370256e-05,7.83153809607029e-05,7.326167542487383e-05,6.151385605335236e-05,0.0412115007638931,0.1611008644104004,0.7293285131454468,3.873384475708008,25.590978920459747,75.40923207998276,99.92564392089844,98.43474578857422,100.29023738205431,91.9427719116211,90.16038513183594,91.72862239181995,89.83772277832031,78.59266662597656,83.63056175410748,87.14620208740234,88.23233795166016,90.96438598632812,93.6134796142578,90.49070739746094,84.83343505859375,305652.9375,260141.96875,234181.822265625,203081.189453125,183478.177734375,163749.154296875,140556.373046875,122716.77734375,107924.32421875,95228.26953125,74147.591796875,57079.5849609375,42748.3173828125,30283.1337890625,19189.548828125,14070.8447265625,9202.5693359375,6852.5791015625,4555.37841796875,2306.878662109375,101.9853515625,0.0012944042682647,-0.0033355355262756,0.0113974213600158,-0.0099985003471374,0.0052173733711242,0.0305287837982177,-0.0988955497741699,-0.3931293487548828,-0.5148496627807617,-0.4951257705688476,-0.5668544769287109,-0.5800743103027344,-0.5656909942626953,-0.5317850112915039,-0.4010877609252929,-0.2769689559936523,-0.1161036491394043,-0.0312433242797851,4.03262482897108e-06,3.0658313724521435e-06,-2.7173599350325863e-06,-1.3908764611876684e-06,6.354146630493708e-07,5.005132397145386e-07,332.43496747811633,354.85508359273274,351.67851202487947,348.5762510061264,341.1408017873764,333.76626376310986,330.7070025205612,332.44793928464253,328.6738505681356,327.24298067092894,19.7790224827826,16.733155524839336,20.56906701978296,17.716020709990214,1.3742750567873978,297.88414713541664,302.4486658732096,7.012939701477687e-05,0.031793983777364,0.0401817162831624,0.0089359601338704,-2.131060076256593e-07,3.91155481338501e-08,0.001639837026596,1.4709122478961944e-05,658.38125,2691270118.4,2802269841.0666666,2688390425.6,2803035110.4,0.0580785115559895,1778.9041015625,-6.264358914146821e-05,-8.39212646484375,-157.20877685546876,-8.098518880208333,1.6132742166519166e-05,-565951.8666666667,-29154.366666666665,0.0155690987904866,44.385726701716585,1.971802363793055e-05,8.64633669455846e-06,1.947965162495772e-05,8.29721490542094e-06,2.777917931477229e-05,303.1468690357997,7.2757005303477245e-06,-1.0919955093413593e-05,-8.423818508163095e-06,-7.266153503830234e-06,-7.2199715456614895e-06,-8.711022868131598e-06,-2.7567066717892884e-05,-3.0617838880668084e-05,-2.629282729079326e-05,-1.473748901238044e-05,1.4569998408357302e-06,1.496875969072183e-06,5.267894205947717e-06,1.008817149947087e-05,8.450937457382679e-06,8.256523869931698e-06,6.92180668314298e-06,5.6157819926738736e-06,4.638824611902237e-06,3.37366946041584e-06,3.2215456788738567e-06,0.0343511492013931,0.1683274269104004,0.6542237361272176,4.060581334431967,33.53249966998895,70.23155280649662,74.90908336937427,75.5647038752834,65.88681843318045,58.106163426240286,34.3456044053038,29.409288250406583,40.73101628422737,46.47501525878906,51.16628464733561,54.200304145614304,60.23555857340495,67.38244250267743,77.89349263509115,83.4702286819617,78.29073246816795,305715.02291666664,260129.52161458333,234289.65625,203067.24479166663,183534.5817708333,163757.87447916667,140452.255078125,122613.36458333331,107910.0765625,95325.72291666668,74466.0931640625,57505.235611979166,43183.2169921875,30705.433072916665,19568.625716145834,14415.585481770831,9509.3701171875,7144.103515625,4834.803352864584,2578.268082682292,371.0796549479167,-0.0001020769278208,-0.0007362206776936,-0.0006356716156005,0.0014131824175516,-0.0050546566645304,0.0044211943944295,0.0033010164896647,-0.0330559730529785,-0.0318197886149088,-0.0175891558329264,-0.0125517527262369,-0.0232011795043945,-0.0271121978759765,-0.0326905568440755,-0.0479062398274739,-0.0364399592081705,-0.0201380093892415,-0.0156489690144856
20,996.8625,15.380005836486816,5.07245167682413e-05,6.251921877264977e-05,1.2453831914172042e-05,-1.7935565210791538e-06,-2.597257889647153e-06,5.567889274971094e-06,338.0791015625,357.6695861816406,356.7001647949219,354.947998046875,351.5194702148437,345.92437744140625,340.049560546875,339.5497131347656,336.1712951660156,334.21759033203125,15.160730361938477,13.671783447265623,15.689291954040527,14.834273338317873,1.5263290405273438,298.95645904541016,301.63014221191406,0.0015704073011875,0.4304299354553222,0.2905826568603515,0.77490234375,9.787501767277718e-06,1.221778802573681e-07,-0.0002529472112655,-0.0009679775685071,-95.1953125,2688474240.0,2853389568.0,2688477184.0,2854290176.0,-2.453540802001953,1428.13818359375,-8.90737574081868e-05,-28.62109375,-245.8807373046875,-26.60302734375,-0.0006815427914261,-885168.25,-95770.25,0.1531018018722534,65.9450912475586,0.0004226239398121,0.0004822020418941,0.000436229398474,0.0005273264832794,0.0009635360911488,303.3195495605469,6.59401121083647e-06,-1.8227292457595468e-05,-9.144991054199636e-06,-6.254456820897758e-06,-5.476103979162872e-06,-7.532420568168163e-06,-4.881585482507944e-06,1.2880947906523945e-05,3.938918234780431e-05,7.122557144612074e-05,9.31022223085165e-05,0.0001276234397664,0.0001169598544947,0.000120116979815,0.0001040801871567,9.170174598693848e-05,7.593224290758371e-05,7.159088272601366e-05,6.618490442633629e-05,6.142433267086744e-05,5.19314780831337e-05,0.0346472188830375,0.2066728938370943,0.5695656538009644,3.887521266937256,28.83162823319435,85.88154588639736,96.6874008178711,99.67699432373048,99.73155210912228,90.91303253173828,87.59497833251953,88.7783588655293,88.11178615689278,75.98660990595818,83.01715850830078,84.49524688720703,87.66674041748047,90.58789825439452,93.8365249633789,91.08724212646484,86.08634948730469,305443.5859375,259998.0859375,234245.146484375,202967.41015625,183453.5078125,163766.39453125,140557.89453125,122657.689453125,107820.162109375,95101.37109375,74016.9462890625,56947.0673828125,42616.7275390625,30160.048828125,19076.7392578125,13958.5458984375,9089.09375,6739.3779296875,4442.1474609375,2193.03076171875,-11.919921875,0.0021210610866546,-0.0028860569000244,-0.0016509890556335,0.0038392543792724,0.0103264451026916,0.0131932497024536,-0.054157018661499,-0.3969311714172363,-0.5975298881530762,-0.6204242706298828,-0.621551513671875,-0.6210556030273438,-0.6592798233032227,-0.6464366912841797,-0.4506387710571289,-0.2604618072509765,-0.0860500335693359,-0.0065464973449707,3.662920389029341e-06,4.1964519105382614e-07,-2.7089400982863984e-06,-1.5511501319202589e-06,1.5429996195316083e-06,-3.228438930343031e-07,332.2261411184097,355.42520974978373,351.96655948528115,348.723199171644,340.88884219885864,333.15756347466305,329.6388833136974,331.1906452099812,327.7682402282335,326.32936576590004,21.148550614219975,18.231093804433137,21.730439597918533,19.00156255675425,1.339843707498505,297.8257950272303,302.14416820478635,9.907429643686382e-05,0.0293018610150982,0.0356670553753484,0.0080387542851238,-5.547919492256592e-07,1.482000860435834e-09,-0.0003686285117849,1.164822533912184e-05,-44.54946836099585,2687829372.282158,2794513375.0705395,2684569386.4896264,2795347449.626556,-0.0329241614124092,1585.6677580394191,-6.445479208286619e-05,-7.882448821641597,-157.79129724779563,-8.333846602697095,-9.143732766392816e-06,-568048.2572614108,-30001.17427385892,0.012941526674136,42.66012106248452,2.916287089779169e-05,9.776676591501196e-06,2.752017245253092e-05,1.013792154699935e-05,3.765449237032056e-05,302.994127269386,6.949895747968177e-06,-1.0164225130067574e-05,-8.509184909632808e-06,-7.397759861807451e-06,-6.70227504487988e-06,-7.707052728879996e-06,-2.6029121749976424e-05,-3.0616907928432665e-05,-2.8321485680477747e-05,-1.63167492869113e-05,1.4518169276570878e-06,3.764686016249953e-06,8.663811809789095e-06,1.2078260639643767e-05,9.731384751645856e-06,9.14679337833927e-06,8.387822480060747e-06,7.253126685673765e-06,6.244356523720061e-06,4.8089807242526055e-06,4.320486576230695e-06,0.0344892176045916,0.1794684655322882,0.649750463695447,4.034835536450271,39.60469961611562,68.47658742018261,73.48542556698392,69.82979149393026,59.52690588760178,56.18753498866845,30.694631774395827,28.242538010183708,37.54248193611248,42.33772215210056,48.804650013872205,52.22159703044971,61.17455436357324,68.94567875199299,79.5354239915911,82.92068324049478,78.08816110444761,305543.8747406639,260046.9367219917,234201.5584802905,202991.99805497925,183501.04551348547,163778.92868257262,140426.59971473028,122568.65002593362,107842.94502074688,95248.99131224066,74380.09906639004,57424.92582987552,43115.02184906639,30641.19915391597,19505.459721862037,14353.34752658195,9450.870854674533,7088.727733564575,4782.161914872925,2527.3915833279307,321.96017570020746,-0.0009462608341359,-0.0009849467218169,0.001801628294822,0.0020915373726999,-0.0042673228192626,-0.0015756984963951,-0.000532288768974,-0.0144136990748995,-0.0107577074612819,0.0026600430120571,0.0069338177249639,-0.0072405565823756,0.0031767208051879,0.0025366668384599,-0.0289556376666943,-0.0213595821649701,-0.003004264040112,0.0037667879919788
21,997.394375,17.48587989807129,7.167289732024074e-05,5.28084892721381e-05,7.535330041719135e-06,2.660536665644031e-06,-4.561193236440886e-06,8.948503818828613e-06,338.0723571777344,357.57427978515625,356.4577941894531,354.69244384765625,351.140380859375,346.5174560546875,339.9329528808594,340.063720703125,336.1153564453125,333.88482666015625,16.379867553710938,15.43118953704834,17.043472290039062,16.35464859008789,1.8157895803451536,299.14302825927734,302.1164627075196,0.0017998153343796,0.4101369380950928,0.2625601291656494,0.6943111419677734,1.017953036352992e-05,-9.252107702195644e-07,-0.0022124201059341,-0.0010253703221678,-848.3515625,2692177920.0,2855541504.0,2692177408.0,2856537984.0,-2.280376434326172,1311.556640625,-0.0001090842997655,-27.45806884765625,-271.76593017578125,-23.15545654296875,-0.000633455812931,-978355.0,-83358.5,0.1646016836166381,65.32476955652237,0.0004660286940634,0.0003121104091405,0.0004999481607228,0.0003269705921411,0.0008269194513559,303.3599624633789,5.738504114560783e-06,-1.674576196819544e-05,-6.41250517219305e-06,-6.886693881824613e-06,-5.930924089625478e-07,-7.017282769083977e-06,-9.102164767682552e-06,3.343098796904087e-06,3.23285348713398e-05,7.32148764654994e-05,9.60736069828272e-05,0.0001033486332744,0.0001101222587749,0.0001248666085302,0.0001035963650792,9.310501627624036e-05,8.537317626178265e-05,8.311495184898376e-05,7.893529254943132e-05,7.195118814706802e-05,6.043515168130398e-05,0.0384560897946357,0.1730484068393707,0.5498641133308411,3.6974496841430655,31.74304466694593,86.2239987552166,98.04759216308594,98.27058409154417,98.0460205078125,90.99052466452122,81.97332009673119,87.1882013976574,81.40708923712373,73.95635223388672,80.11257866024971,81.719054505229,86.84523010253906,89.39289093017578,92.5713119506836,89.43500518798828,84.43706512451172,305642.36328125,260258.66015625,234440.337890625,203067.845703125,183562.908203125,163926.74609375,140664.962890625,122776.728515625,107947.623046875,95239.935546875,74169.5830078125,57075.12890625,42716.8740234375,30243.037109375,19145.0654296875,14023.22265625,9149.8193359375,6798.81396484375,4500.1337890625,2249.00830078125,40.92578125,-0.0004039704799652,0.0040982961654663,-0.0004265904426574,0.0116304755210876,-0.0066944956779479,-0.0113084316253662,-0.1250853538513183,-0.4744577407836914,-0.6233563423156738,-0.6302852630615234,-0.6465778350830078,-0.6736888885498047,-0.6641321182250977,-0.5965023040771484,-0.4825592041015625,-0.2950916290283203,-0.0939469337463378,0.0073838233947753,1.7519814488720087e-06,-9.636888286225037e-07,-3.376230862847893e-06,-2.244167491387168e-06,1.8621044481528329e-06,8.583616858029442e-07,332.5063620011012,355.5715088287989,351.8548020283381,348.40396445592245,340.4658807039261,333.0450695912043,329.13217729727427,330.71676522890726,327.2815957625707,325.96344699859617,21.82334906818966,19.3809300020958,22.6054531473356,20.208097120715927,1.345581069951974,297.7594787597656,302.294101969401,7.421734432379404e-05,0.0255422115325927,0.0381023565928141,0.0069766998291015,-5.490573433538278e-07,1.242849975824356e-07,-0.0016303191582361,8.566305041313171e-07,-514.1848958333334,2690448836.266667,2796752000.0,2686868590.9333334,2797605742.9333334,-0.0015121459960937,1538.113671875,-6.484129892972609e-05,-13.4901611328125,-155.9892578125,-10.541288248697915,-4.182259241739909e-07,-561561.1166666667,-37948.95,0.0170777320861816,42.50723331173261,1.5247551103432972e-05,1.3207457959651948e-05,2.0617106929421426e-05,1.290198415517807e-05,3.3501225213209786e-05,302.9764115440132,6.848865693124632e-06,-1.0525307152420282e-05,-7.139660495643815e-06,-6.192299770191312e-06,-8.028766023926437e-06,-7.88744849463304e-06,-2.495746205871304e-05,-3.0248476347575583e-05,-2.8537826923032603e-05,-1.764351036399603e-05,2.215771625439326e-07,5.377604005237421e-06,9.929210258026916e-06,1.0832018839816252e-05,9.102545057733852e-06,9.186092453698316e-06,8.796202018857003e-06,7.77558113137881e-06,6.481981836259365e-06,4.775713508327802e-06,3.965897485613823e-06,0.0370063776771227,0.1830576638380686,0.6191537653561682,3.724671872456869,40.01051549563805,68.44931886593501,72.00934376716614,64.24088156819343,55.4388067762057,55.33195596734683,29.374410725633304,29.42623894015948,36.60310389573375,41.13280593827367,47.738384541869166,51.906257490317024,62.45738658110301,70.22687812149525,80.57732956856489,82.15988826553027,77.08046213785808,305695.49973958335,260245.91223958333,234384.603125,203111.5497395833,183581.59544270832,163867.11419270834,140498.281640625,122638.91888020834,107907.27434895834,95316.07669270832,74462.24108072916,57519.6609375,43221.469401041664,30752.061197916668,19618.3125,14467.491276041666,9567.7849609375,7206.705501302084,4901.316341145834,2647.74521484375,443.1410807291667,0.000217717885971,-0.0002860109011332,0.0013609051704406,0.0040172100067138,0.0013254364331563,-0.0044669310251871,-0.0026406447092692,-0.0110435803731282,-0.002407169342041,0.0161376953125,0.0180147806803385,0.0008495966593424,0.003683853149414,-0.0017416636149088,-0.0192444483439127,-0.0050996780395507,0.0091993649800618,0.0142805417378743
22,997.279375,18.518285751342773,7.534129690611735e-05,5.311441418598406e-05,-1.514837208560493e-06,-4.550404810288455e-06,-2.28730255003029e-06,1.0294960702594835e-05,338.6593017578125,358.0180969238281,355.8613586425781,354.0278625488281,351.1107177734375,347.4278869628906,339.81256103515625,339.64532470703125,335.0052490234375,332.2106018066406,17.980403900146484,17.160232543945312,19.26019287109375,18.05172538757324,2.0057873725891118,299.1173477172852,302.35799407958984,0.0011072754859924,0.4863729476928711,0.2633441686630249,0.8050642013549805,1.0431976988911629e-05,1.3455282896757126e-06,0.0003556311130523,-0.0011146143078804,347.12109375,2696079488.0,2857126528.0,2696080768.0,2858288000.0,-1.9934120178222656,1265.90576171875,-0.0001180151884909,-23.7103271484375,-281.5743408203125,-19.294677734375,-0.0005537178367376,-1013668.5,-69456.0,0.2141982316970825,64.39893341064453,0.0003271824680268,0.0003618756309151,0.0003075716085731,0.0003292229957878,0.0006367973983287,303.3245391845703,1.4292891137301922e-06,-1.3182390830479562e-05,-1.0693809599615632e-05,-3.964276402257383e-06,4.197456291876733e-06,-1.9374070689082146e-05,-2.6150548364967108e-05,-1.709477510303259e-05,2.5043904315680265e-05,6.242236122488976e-05,9.841949213296176e-05,9.129289537668228e-05,0.0001096215564757,0.0001223807921633,9.99553594738245e-05,9.381561540067196e-05,8.903618436306715e-05,8.782639633864164e-05,8.470460306853056e-05,7.895985618233681e-05,6.632565055042505e-05,0.0319253392517566,0.1473040729761123,0.5970192551612854,3.536423398181796,31.39657974243164,102.52349093556404,100.24689483642578,100.05109405517578,98.47293090820312,90.0947723388672,80.30575641617179,87.15309192240238,77.91372680664062,70.94140625,75.48866271972656,75.12786869704723,86.56695559620857,89.71453857421875,91.71257781982422,87.96736145019531,82.62838745117188,305823.39453125,260488.51171875,234525.232421875,203236.775390625,183645.708984375,164070.53515625,140798.7734375,122871.294921875,108047.49609375,95354.9765625,74294.73828125,57179.5322265625,42813.9501953125,30334.185546875,19231.2734375,14105.748046875,9229.546875,6877.54638671875,4577.24560546875,2323.967529296875,113.400390625,0.0006391108036041,-0.0018415451049804,-0.00348961353302,0.0024304986000061,0.0035030245780944,-0.0173640847206115,-0.2699217796325683,-0.6323118209838867,-0.743901252746582,-0.7155208587646484,-0.7006435394287109,-0.7832860946655273,-0.7832326889038086,-0.7561159133911133,-0.6730546951293945,-0.4123525619506836,-0.1532979011535644,-0.0221052169799804,3.505319361826984e-06,-2.397634106571533e-06,-3.737234504847506e-06,-2.62638176477244e-06,1.0000285960764849e-06,2.0945981658195656e-06,333.4423782617719,355.8084074075786,352.01078800343873,348.530098222598,340.5660536121036,333.15498424071,328.9848786824966,330.8142550219144,327.158750185828,326.1999100570362,22.09017867208517,20.23128571098524,23.084610422740838,21.089820848893822,1.4044807702819797,297.3766937889004,303.60917669905666,6.9017974172885e-05,0.0240795008869092,0.0397379467596156,0.0076341431170578,-6.291431788339654e-07,-6.316183328133896e-08,0.000127063005297,5.108439576081715e-07,115.41182572614107,2693989794.5228214,2800785966.7385893,2690224841.825726,2801666607.80083,-0.0040027412636151,1441.5120267116183,-6.598481498813233e-05,-41.06319088757781,-161.71907113102955,-35.47865744942946,-1.1107393567492854e-06,-582188.817427386,-127722.07883817428,0.0204525152182677,42.70442490879431,2.3110495316042444e-05,2.2163096799890035e-05,1.917015838425189e-05,1.9523736352247812e-05,3.869466761830437e-05,302.945348584908,8.082743992553676e-06,-1.2765812972092932e-05,-6.640646778166881e-06,-4.392122273542049e-06,-9.233777179900572e-06,-9.436741919562037e-06,-2.3641887302529763e-05,-2.722266512725858e-05,-2.7162121431090527e-05,-1.611456630511897e-05,2.422781576135841e-07,5.2832538470687705e-06,1.0401246242256084e-05,1.0446204776833168e-05,9.804527387332124e-06,1.0288901109232942e-05,9.532102974927772e-06,7.824149152797287e-06,5.550747273559392e-06,4.258827998059419e-06,4.17262462597665e-06,0.0353063877471007,0.1748492261935875,0.6187082625059913,3.593089716192103,39.28142130523302,71.13705668310901,73.12547818456943,59.40369560634447,49.62079934856209,53.98452249033323,29.001350470598307,28.276726214964853,35.784474543021425,41.31838178832501,47.01897845129749,52.29949174629702,63.360258273563936,70.89758354301769,79.15358650140247,77.2201721697922,71.58356895758403,305963.4598029046,260397.8988589212,234535.5647043569,203258.6051607884,183696.35399377596,164005.64756224066,140644.70928423238,122776.25803941907,108029.77009854771,95431.3520487552,74569.82660140042,57617.3963466027,43317.02351854253,30846.249481327803,19710.837201763487,14559.031168957468,9657.825839600622,7295.523103199559,4988.035932232236,2729.7838464000906,519.9206107365145,-0.0006805717697776,-2.834608940662685e-05,-0.0010779042461601,-0.0018010990253622,-0.001374400255591,-0.0072439555310609,-0.0122059865611222,-0.020275950926468,-0.0081582089182746,0.0128599697128865,0.014152791984843,0.0002279993904082,-0.0085768125858544,-0.015412536399493,-0.021866794443724,-0.0147622808875879,-0.0132530576460589,-0.014343111346866
23,994.560625,20.027881622314453,6.509322702186182e-05,2.86613230855437e-05,7.344762707361951e-06,-2.8617541829589754e-06,-1.0191311957896689e-05,-4.769392944581341e-06,339.4502868652344,358.2835693359375,356.7825927734375,354.77618408203125,350.9812316894531,347.5111389160156,338.6664428710937,340.0458984375,335.1919250488281,332.17333984375,18.50652313232422,17.869600296020508,19.00100326538086,18.316017150878903,1.9577219486236568,299.21128845214844,302.3660354614258,0.00120435282588,0.447534441947937,0.264479398727417,0.614832878112793,9.778072126209736e-06,4.526227712631226e-07,0.0015465915203094,-0.0007087532430887,786.74609375,2693205120.0,2853117056.0,2693203840.0,2854341504.0,-2.983345031738281,1437.32958984375,-0.0001121209352277,-22.6197509765625,-258.9195556640625,-18.4691162109375,-0.0008287178352475,-932112.25,-66489.0,0.2141211032867431,63.9430251121521,0.0003165672533214,0.0006030518561601,0.0003345375880599,0.0006017922423779,0.0009363275021314,303.3524742126465,8.058894309215248e-06,-1.4341538189910352e-05,-9.221112122759225e-06,-3.303124685771764e-06,4.86522912979126e-06,-2.3297499865293503e-05,-2.665136707946658e-05,7.065362296998501e-06,3.5131757613271475e-05,5.798495840281248e-05,9.06679779291153e-05,8.729903493076563e-05,0.0001219307305291,0.0001279668649658,0.0001187897287309,0.0001193975331261,0.0001138839870691,0.0001080468064174,0.0001013246364891,9.288662113249302e-05,7.45193101465702e-05,0.0320605188608169,0.1543160676956176,0.6953372359275818,3.9264907836914062,32.70952606201172,104.52396351099014,100.67498779296876,99.76837158203124,96.46542364358902,87.34722900390625,75.00976528972387,88.70400953665376,76.70722192153335,70.83561706542969,76.16675567626953,74.11310486495495,83.40786017477512,88.70193479955196,91.4285125732422,87.65922546386719,82.9253158569336,305898.59375,260314.453125,234402.3046875,203178.015625,183603.30078125,164039.171875,140784.2421875,122845.48046875,108000.259765625,95283.671875,74201.7275390625,57076.822265625,42728.7451171875,30243.0205078125,19134.017578125,14006.7861328125,9124.525390625,6769.54541015625,4466.57080078125,2210.989990234375,0.005859375,-0.0032803416252136,-8.738040924072266e-05,-0.0012447237968444,-0.0023028850555419,-0.0045306086540222,-0.0062431097030639,-0.3135116100311279,-0.5306081771850586,-0.611274242401123,-0.6157903671264648,-0.5460128784179688,-0.4825639724731445,-0.4520444869995117,-0.4941778182983398,-0.4550199508666992,-0.3012056350708008,-0.1196403503417968,-0.0286951065063476,6.1376324210992105e-06,1.1277118544349614e-06,-4.596008926400069e-06,-2.9518941572233744e-06,1.451817300041995e-07,2.209229131953927e-06,334.6994409799576,356.1279738346736,352.06668380101524,348.5073056936264,340.5468674103419,333.1954866965612,329.1675761302312,331.2023017168045,327.4491369644801,327.2259290297826,22.12892544940114,20.417706131376328,23.00528070939084,21.024872393502545,1.4327966757341832,296.8046137491862,304.7435994466146,3.260610004266103e-05,0.028542407353719,0.0442290147145589,0.0131687800089518,-4.942955759664376e-07,-6.164579341808956e-08,0.0013869871695836,-2.331423262755076e-05,603.3736979166666,2689657088.0,2795980919.4666667,2685059797.333333,2796856012.8,-0.0843116760253906,1553.9062825520834,-6.305240094661713e-05,-63.39407145182292,-152.73774007161458,-64.56277262369791,-2.3417174816131592e-05,-549855.85,-232426.36666666667,0.0186261177062988,42.51578403189778,1.057532305518786e-05,9.857925275961558e-06,9.055094172557196e-06,7.983700682719548e-06,1.7038670678933463e-05,302.9441218650644,6.302398590681453e-06,-1.3708262122236192e-05,-7.330410880967975e-06,-4.009926730456451e-06,-1.019927052160104e-05,-1.3890129048377276e-05,-2.3599411360919475e-05,-2.8287747409194707e-05,-2.808873929704229e-05,-1.5142521200080712e-05,4.90310291449229e-07,5.082359227041403e-06,9.2650530859828e-06,9.48046799749136e-06,1.0250244910518328e-05,1.0244602647920449e-05,7.609658253689607e-06,6.015653101106485e-06,4.51447752614816e-06,3.4950052698453265e-06,3.7740450352430334e-06,0.0359272231658299,0.1627155224482218,0.6197706262270609,3.856001281738281,42.27896372477213,73.50336832950512,73.88663616329431,55.20793788333734,44.84944721559683,51.64467443600297,28.5413683856527,27.989067904402813,36.70973235691587,41.36532396674156,46.51048441405098,53.52962199573715,63.193283974006775,68.35068674733242,74.07189846336841,72.2568857828776,67.83939977660775,305919.8106770833,260301.94401041663,234425.81354166663,203168.59856770837,183645.21276041667,163982.23723958334,140620.52317708332,122733.621484375,107975.84791666668,95374.437109375,74510.16653645833,57556.64401041667,43258.466015625,30782.292903645837,19637.635416666668,14481.578385416668,9573.7392578125,7205.383235677084,4889.82216796875,2623.371761067708,408.9020833333333,-0.001034860809644,-0.0002157032489776,0.0001331786314646,-0.0017797986666361,-0.0023613214492797,-0.0123460928599039,-0.0231846650441487,-0.0525147120157877,-0.0447801272074381,-0.0225428263346354,-0.0153061548868815,-0.022969627380371,-0.0377537409464518,-0.0377953847249349,-0.0372720718383789,-0.0337499936421712,-0.0369232495625813,-0.041243044535319
24,994.398125,18.4085693359375,1.9992408851976503e-05,4.373957926873118e-05,-9.532497642794624e-06,-2.529720586608164e-05,1.4728348105563782e-06,8.985980457509868e-06,337.030517578125,358.6034545898437,355.6809387207031,353.31866455078125,349.0258483886719,346.51300048828125,338.1368408203125,339.0761108398437,335.3247985839844,331.532470703125,13.587779998779297,15.898988723754885,15.47415542602539,16.18921661376953,1.885696649551392,299.27440643310547,302.10044860839844,0.0009147925302386,0.2486046552658081,0.1962624788284301,0.3193984031677246,4.718021955341101e-06,1.3936078175902369e-06,-0.0002582371234893,-0.0003055771812796,-153.63671875,2689133184.0,2842159232.0,2689136384.0,2843404544.0,-1.7880859375,1090.19921875,-0.0001078478817362,-14.96917724609375,-243.4295654296875,-16.228271484375,-0.0004966799169778,-876345.0,-58420.25,0.1594641208648681,61.190696716308594,0.000290441326797,0.0003687143325805,0.0002541085705161,0.0003584497608244,0.0006125550717115,303.27802658081055,4.954752512276173e-06,-1.6960533685050905e-05,-6.141490302979946e-06,-1.3708995538763702e-05,8.029863238334656e-06,-3.523135092109442e-05,-1.3350334484130144e-05,2.4923880118876696e-05,4.046631511300802e-05,5.778786726295948e-05,0.0001217030221596,0.000104876467958,0.000122781144455,0.000123482896015,0.0001243730075657,0.0001187253510579,0.0001050719292834,9.646127000451088e-05,8.997379336506128e-05,8.173601236194372e-05,6.379815749824047e-05,0.0399381555616855,0.1631420701742172,0.614267885684967,3.999549388885498,38.11876678466797,98.74411010742188,97.13656616210938,99.04653930664062,93.47347259521484,78.47581350803375,62.53221081197262,84.90283202007413,72.37233840301633,67.54383850097656,77.46701049804688,74.26108545064926,79.82349444925785,85.85661315917969,89.44673919677734,84.84008026123047,80.5682601928711,305962.29296875,260387.3671875,234417.880859375,203112.771484375,183674.884765625,164070.58984375,140693.34765625,122685.732421875,107849.39453125,95159.771484375,74077.3310546875,56956.625,42612.916015625,30131.8720703125,19026.9208984375,13901.72265625,9025.7490234375,6673.73974609375,4372.93798828125,2118.51953125,-90.82421875,-0.0005280673503875,-0.0035356879234313,0.0048817992210388,0.0102523267269134,-0.0146732926368713,0.01694917678833,-0.0401563644409179,-0.2197775840759277,-0.3383951187133789,-0.2227840423583984,-0.0963735580444336,-0.1758661270141601,-0.2084827423095703,-0.2420768737792968,-0.3257484436035156,-0.2359695434570312,-0.0834708213806152,-0.0098476409912109,8.031059055644284e-06,-1.6218472759211055e-06,-7.74036907427296e-06,-2.434158495787478e-06,-1.9334109855180453e-06,-2.919478752203424e-08,334.1320260708757,356.63569114020254,352.0608817848427,348.3213566427904,340.57476251847515,333.17489767272446,328.88019659113587,331.0173296631619,327.92255326425385,327.6420839080177,21.90131371607424,19.42421950453784,22.47893831585205,19.69120864288812,1.3825930253751344,296.473189484529,304.7097465546794,4.816407731954487e-05,0.0251100943790926,0.0368738926297896,0.0065370931664937,-1.4800203508113924e-07,-6.708710674675668e-08,-0.0005791726448723,2.5001721634409733e-05,-110.86739821058092,2687236008.896265,2791378081.460581,2682466619.485477,2792289175.900415,-0.0132079698238135,1512.0004538381745,-5.699740239724332e-05,-34.83019361060685,-147.99870433253372,-46.27691726367998,-3.668251621277995e-06,-532795.846473029,-166597.3609958506,0.021516768269519,41.6434579543553,1.271690446806152e-05,1.276367927487955e-05,1.3380794480628493e-05,1.4065830539370967e-05,2.7445403866748095e-05,302.9155185075612,3.957591578460982e-06,-1.3230029453477084e-05,-7.860904513120156e-06,-5.017787121966697e-06,-1.0163836998486297e-05,-1.4784041100425095e-05,-2.2873008059515497e-05,-3.0938681810166825e-05,-2.405963281625534e-05,-1.08366772238768e-05,-6.151704419079658e-07,3.758832402681909e-06,9.23306824198897e-06,9.591320212698576e-06,1.004994537727714e-05,1.0261181703308806e-05,7.875070470497322e-06,6.114533634786784e-06,4.568055109797177e-06,3.384856151656491e-06,3.6449337772313984e-06,0.0347107540182305,0.1529045940311123,0.6092801610803951,3.995998396418402,41.64467044687865,75.74211856339483,69.68121379787002,52.58629072998569,40.076874904860105,49.80891117441209,29.018215663205535,27.35578598842581,35.26626484522681,41.01203347315927,47.54657423891962,53.74672716534484,60.05169531047592,65.37256044350347,71.11398935812637,69.90987190468182,66.99693448260365,306049.1117738589,260376.78137966804,234460.4596732365,203169.23612551868,183647.21836099584,163979.4987033195,140606.92142116182,122676.01594917012,107909.19644709544,95306.26491182572,74447.05627593362,57489.676526841286,43189.58167466286,30714.23239756224,19569.105112162862,14411.814509854772,9498.337473255964,7126.068389765949,4807.078341788771,2537.819785723548,322.8535237292531,0.0001265705868416,0.0009834370672455,0.0032495762302667,0.0008345303199103,0.0050260637311025,0.0001150515564249,-0.0352028296696199,-0.0553457212645977,-0.0271765245936223,0.0001447091953388,0.0091181948966505,0.0319552797499534,0.024924927232671,0.0172966842334794,0.0101052557284406,0.0017569292630397,-0.0119223931023688,-0.0218143027847733
25,995.21,17.470491409301758,3.420623897909536e-06,3.488496440695599e-05,-3.294041562185157e-06,-2.172661697841249e-05,2.068160210910719e-05,4.737999461212894e-06,338.943603515625,357.4081115722656,355.4057006835937,352.4400634765625,349.4418334960937,347.2519836425781,339.76177978515625,339.65155029296875,334.53515625,333.50152587890625,13.76768970489502,16.263553619384766,15.545509338378906,16.195194244384766,1.8794353008270264,299.46788024902344,302.15966033935547,0.0010697478428483,0.1922817230224609,0.2393975257873535,0.317413330078125,8.10110941529274e-06,1.6362755559384825e-06,-0.001494288444519,-0.0006979135796427,-1085.39453125,2693378432.0,2849477632.0,2693370496.0,2850636288.0,-1.9281234741210933,1408.134765625,-9.572994895279408e-05,-14.05645751953125,-224.50543212890625,-15.22119140625,-0.0005355756729841,-808220.25,-54799.5,0.1720392704010009,62.41928684711456,0.0003496771678328,0.0003141034394502,0.0002971549984067,0.0003255982883274,0.0006227414123713,303.2155148973652,-2.335000317543745e-06,-1.7723359633237123e-05,-7.88316538091749e-06,-1.0170464520342648e-05,3.990426193922758e-06,-1.8906823243014514e-05,-6.5858184825629e-06,1.8225517123937607e-05,2.9090617317706347e-05,5.432520993053913e-05,0.0001025983365252,9.579549077898264e-05,0.0001266696490347,0.0001282826997339,0.000118481228128,0.0001152923796325,0.0001075865002349,9.98511677607894e-05,9.394483640789986e-05,8.323858492076397e-05,6.546848453581333e-05,0.0418460853397846,0.1440929025411605,0.5327838659286499,3.4133674427866936,41.06923295557499,94.05146020650864,98.02899932861328,100.0472183227539,86.50571429729462,64.42399601265788,59.94264925271273,82.64899444580078,74.5603106841445,69.18962097167969,71.223876953125,75.8974838256836,82.26489283144474,86.41986846923828,88.90858459472656,86.33796691894531,82.6009521484375,306262.3984375,260641.16796875,234539.912109375,203183.169921875,183749.6171875,164131.361328125,140779.53515625,122832.03125,108018.3671875,95330.138671875,74251.8125,57110.3115234375,42734.5869140625,30234.6005859375,19112.2197265625,13977.802734375,9093.2607421875,6736.9677734375,4432.842764854431,2176.109619140625,-35.8427734375,-0.0016373544931411,0.0003833174705505,0.0073363184928894,-0.0016780793666839,0.0067455768585205,-0.0103692412376403,-0.0564405918121337,-0.1938996315002441,-0.2743515968322754,-0.1942615509033203,-0.1621742248535156,-0.333653450012207,-0.3702888488769531,-0.4414358139038086,-0.4803171157836914,-0.3212270736694336,-0.0957803726196289,0.0032033920288085,7.450890513128449e-06,-2.558508903819217e-06,-8.975015896697918e-06,-3.0975175528487792e-06,-2.0909113528984625e-06,-6.16688440661176e-07,333.6468618313472,356.38722537358603,351.80706432660423,347.827331495285,340.31038192113243,333.2510294119517,328.96256438096367,331.04051681359607,327.906702931722,327.3981921752294,21.314849861276645,18.821565035303745,22.13624232113361,19.385424155617752,1.3466241850343068,296.0718022664388,304.10301513671874,3.524447480837504e-05,0.024207854270935,0.0342184861501057,0.0026580810546875,-1.43803966542085e-07,-5.6399342914422357e-08,-0.0014417012532552,4.374049603939056e-05,-409.2356770833333,2687560567.4666667,2790527556.266667,2682012236.8,2791431534.9333334,0.0941780090332031,1634.5714192708333,-5.5110355606302616e-05,-4.596614583333333,-141.0638875325521,-8.67525634765625,2.6159423093001048e-05,-507830.3333333333,-31231.45,0.0194188833236694,41.17351705481609,8.456315845251083e-06,8.944484094778697e-06,9.790450955430666e-06,9.141738216082255e-06,1.892168074846268e-05,302.9148349807987,3.452304129799207e-06,-1.1615699622780084e-05,-7.912717410363258e-06,-6.153437425382435e-06,-8.819946863998969e-06,-1.831955451052636e-05,-2.18198304840674e-05,-2.8990278951823712e-05,-2.0336670180161796e-05,-9.211672780414425e-06,1.3703092311819397e-06,5.806377157568932e-06,8.812476880848408e-06,8.736333499352138e-06,8.997266801695029e-06,8.743993627528349e-06,7.168413139879703e-06,5.8320195724566775e-06,4.266047229369481e-06,2.98467930406332e-06,2.873122381667296e-06,0.035668946057558,0.1528305937846501,0.564229687054952,3.918283792150517,38.90705904563268,75.23120246430238,69.64492095932364,52.16497798313697,36.102711254855,46.161496216307086,28.412095396220685,27.929772440592448,35.042178795238335,40.28812154134115,45.97953804234664,51.6294539531072,58.9518731996417,64.0786342203617,70.65383389592171,71.5872080485026,69.41898780018091,306242.3828125,260609.37760416663,234637.72044270832,203252.56067708333,183717.30169270837,164017.24375,140642.798828125,122718.7296875,107960.61015625,95364.3015625,74522.2103515625,57567.4884765625,43262.70696614583,30784.133528645834,19632.067317708334,14470.039192708333,9553.681184895831,7180.94453125,4862.320963541667,2595.043408203125,382.97278645833336,-0.0003666937351226,-0.0013645887374877,0.0015660047531127,0.0031493683656056,0.0014045119285583,0.0020323316256205,-0.0342748800913492,-0.0491896629333496,-0.0147393226623535,0.0173919041951497,0.0290358861287434,0.0501776377360026,0.0503309885660807,0.0459134419759114,0.0206629435221354,0.0047735214233398,-0.0066208839416503,-0.0119808514912923
26,996.055625,17.202510833740234,6.01008468947839e-06,1.896635876619257e-05,-2.850086048056255e-06,-5.02171178595745e-06,1.629508551559411e-05,-1.1331352425258956e-06,339.18170166015625,356.4573974609375,354.13409423828125,350.649658203125,351.43536376953125,348.29412841796875,341.9980163574219,340.6881103515625,335.23394775390625,333.86749267578125,16.918420791625977,19.649553298950195,17.999042510986328,19.603805541992188,1.935356855392456,299.58824920654297,302.19921112060547,0.0008001094684004,0.1313986778259277,0.2887256145477295,0.4591455459594726,7.823866326361895e-06,1.9319122657179832e-06,-0.0001973062753677,-0.0006822720170021,-306.3671875,2697360768.0,2859338368.0,2697349632.0,2860496128.0,-1.7579727172851562,1596.6171875,-9.27512883208692e-05,-15.40435791015625,-213.17755126953125,-14.26666259765625,-0.0004883287474513,-767437.5,-51362.25,0.2073571681976318,64.7703628540039,0.0002229260280728,0.0003493702970445,0.0002222498878836,0.0003267042338848,0.0005489755421876,303.2155148973652,-9.578128810971975e-06,-1.5128374798223376e-05,-3.3567921491339803e-06,-8.754315786063671e-06,-2.74652848020196e-07,-2.975368988700211e-05,-1.1144380550831556e-05,1.2000498827546837e-05,8.98510916158557e-06,3.168976400047541e-05,8.748425170779228e-05,9.049440268427134e-05,0.000119085656479,0.0001282279845327,0.0001186162699013,0.0001203753054141,0.0001139038940891,0.0001068122219294,0.0001027577091008,8.914852514863014e-05,6.945198401808739e-05,0.0386349596083164,0.1672121882438659,0.4976043701171875,3.411612337455153,33.81820297241211,97.28472900390624,98.49900817871094,98.7245635986328,73.41224670410156,53.86965679004789,66.38202057033777,86.36483709514141,80.70676347613335,71.5979220867157,72.59780119359493,76.4399642944336,81.99693298339844,86.31883239746094,89.63292694091797,88.18716430664062,83.86043548583984,306104.81640625,260793.8828125,234783.162109375,203265.734375,183752.3984375,164059.759765625,140804.748046875,122917.78125,108136.3359375,95483.427734375,74417.2509765625,57249.08203125,42852.3251953125,30345.662109375,19223.064453125,14088.5419921875,9203.3779296875,6846.35546875,4541.8466796875,2285.59765625,73.341796875,0.0013583004474639,-0.0008886158466339,-0.0053577125072479,0.0074938833713531,0.0057305097579956,0.0023094415664672,-0.0808103084564209,-0.1855416297912597,-0.2211990356445312,-0.1817388534545898,-0.340768814086914,-0.4121837615966797,-0.4042768478393554,-0.4672431945800781,-0.4567632675170898,-0.3045759201049804,-0.1042242050170898,-0.0102639198303222,7.550362825616344e-06,-2.4599334201458324e-06,-9.478547281308672e-06,-4.641533682738357e-06,-8.057145787317375e-07,1.196194779408396e-06,333.2275772571564,355.90830476284026,351.4179772456488,347.4832945982615,340.35488731066386,333.1763354539871,328.6511100769043,331.1382122039795,327.6039030392965,327.2963648557663,21.429214816292127,18.382298404119982,22.47516519393151,19.21856295572749,1.3216358222736744,297.2027323404948,303.1775965372721,4.150246580441793e-05,0.0182860692342122,0.0289255142211914,0.0039665222167968,-2.622876005868117e-07,-1.228569696346919e-07,-0.0002625455458958,1.988895237445831e-05,-80.4484375,2690920166.4,2794306713.6,2685362517.333333,2795217757.866667,0.0331260681152343,1722.8462565104169,-5.403308314271272e-05,-3.3094767252604167,-137.10871175130208,-5.012646484375,9.199604392051697e-06,-493592.05,-18045.45,0.017923633257548,41.34112078249454,1.311196635166804e-05,1.1029653251171112e-05,1.1527584865689276e-05,9.813718497753145e-06,2.134771396716436e-05,302.9148349807987,2.826905498902003e-06,-1.0363623732700945e-05,-8.224174962379038e-06,-6.416271207854152e-06,-7.459558158492049e-06,-1.8452965499212344e-05,-1.985449731970827e-05,-2.733859388778607e-05,-1.660110428929329e-05,-6.089910554389159e-06,1.7247162759304047e-06,5.826679989695549e-06,1.043801506360372e-05,8.121420008440812e-06,8.035016556580861e-06,7.531054628392061e-06,6.991516177852948e-06,5.880906246602535e-06,4.1279476135969165e-06,2.736846605936686e-06,2.540989468495051e-06,0.0375997779270013,0.1637418307092351,0.546636454264323,3.6272612436364096,39.24446047842503,72.5710780630509,71.311535085241,52.751882608731584,34.13246765950074,43.38770999535918,28.340123408536115,27.43460666437944,33.39586836273472,40.54123651608825,44.98191512674093,51.68562578707933,59.57576606869698,64.50991740276416,72.91095116461317,75.7945414746801,73.19774114911755,306233.53828125,260722.58697916663,234751.27747395835,203330.04388020837,183779.248046875,164063.31888020833,140699.91640625,122793.11236979166,108053.013671875,95464.60911458332,74632.74381510417,57672.85110677083,43365.07708333333,30886.230533854166,19734.775846354165,14573.591145833334,9660.2904296875,7289.89921875,4974.417447916667,2711.458984375,502.7493489583333,4.212558269500733e-05,-0.0014712274074554,0.0012135863304138,0.0027512550354003,0.0015958150227864,0.0022583484649658,-0.0412409782409668,-0.0527705510457356,-0.0190402348836263,0.0187974294026692,0.040854263305664,0.0364059448242187,0.0311328252156575,0.0250064849853515,-0.0074450174967447,-0.0152955373128255,-0.0089844385782877,-0.0055385589599609
27,993.85,18.123788833618164,2.89409035758581e-05,2.8608756110770628e-05,-5.545502972381655e-06,-7.862377060519066e-06,2.2311052816803567e-05,-1.4300670954980887e-05,338.904052734375,357.0569152832031,354.2425537109375,351.1356201171875,351.1162109375,348.9114685058594,342.55645751953125,341.0238037109375,334.8373413085937,334.1355895996094,20.40167999267578,19.66425132751465,21.113853454589844,19.450708389282227,2.06528377532959,299.56587982177734,302.0627517700196,0.0009820973500609,0.2168517112731933,0.3481228351593017,0.5066070556640625,3.9709266275167465e-06,1.3118842616677284e-06,0.0017890930175781,-0.0007032509893178,852.26953125,2693233280.0,2855149440.0,2693221248.0,2856384256.0,-2.383369445800781,1523.50732421875,-9.836498065851627e-05,-20.95819091796875,-243.06939697265625,-18.4049072265625,-0.0006620679050683,-875050.25,-66255.75,0.2920519113540649,64.74607849121094,0.0003650872968137,0.0004420522600412,0.0002728069666773,0.0003857435658574,0.0006585493683815,303.2155148973652,-1.9026338122785087e-06,-1.1806070688180624e-05,-4.302055458538234e-06,-9.958588634617628e-06,-1.7970451153814793e-06,-3.5063421819359064e-05,-2.4407345335930582e-05,4.409230314195156e-07,5.097303073853254e-06,9.78284515440464e-06,7.325888145714998e-05,8.823978714644909e-05,0.0001209349138662,0.0001291465014219,0.0001234534429386,0.0001259041018784,0.0001209841575473,0.0001129299635067,0.0001058664638549,9.101186878979206e-05,6.981135811656713e-05,0.034161552786827,0.1681014895439148,0.5566256642341614,4.068307995796204,34.61459732055664,93.03639221191406,93.24353804439306,89.11219750344753,60.83042012155056,47.25558416545391,60.4305952526629,89.13534592092037,81.56371307373047,72.45478715002537,72.354447722435,78.17758858203888,82.22697448730469,86.38166809082031,90.56640625,89.43106079101562,85.22242736816406,305856.55078125,260501.171875,234544.140625,203125.09765625,183675.134765625,163935.900390625,140742.20703125,122854.40625,108057.29296875,95390.67578125,74301.18359375,57118.80859375,42719.3486328125,30205.29296875,19089.5390625,13957.6015625,9074.41796875,6718.001953125,4414.46826171875,2159.29296875,-50.00390625,0.0005837976932525,0.0024878084659576,-0.0004262030124664,0.0031231343746185,-0.0242039263248443,0.0024147033691406,-0.1322550773620605,-0.3013620376586914,-0.3618946075439453,-0.3154449462890625,-0.5150022506713867,-0.5433225631713867,-0.4678525924682617,-0.4996623992919922,-0.4608402252197265,-0.3366641998291015,-0.127875804901123,-0.0346779823303222,7.249031715992859e-06,-3.3848734341535014e-06,-7.88003015855538e-06,-3.4724715827529062e-06,8.221862223718735e-08,1.8492588351329044e-06,333.3652694225311,355.3624355475108,351.0008031447729,347.16585573355354,340.3085620085398,332.9080725034078,328.88048582871755,331.140827703476,327.7098078886668,327.6186399380366,21.491855585202572,17.71080628540367,22.62753119897097,18.57899360774706,1.301494259548296,297.26856842041013,302.47474517822263,3.866950670878093e-05,0.0149435361226399,0.0324278990427653,0.0070854822794596,-7.607353230317434e-08,-9.072634081045788e-08,0.0014141182104746,-1.5217065811157227e-05,409.72161458333335,2686597333.333333,2791189341.866667,2681043285.333333,2792083643.733333,-0.0917142232259114,1795.2408854166667,-5.3733472789948185e-05,-5.780655924479166,-136.5102335611979,-5.64144287109375,-2.547812958558401e-05,-491437.5,-20309.6,0.0091325998306274,41.82324473063151,1.3108706722656886e-05,9.302981197834017e-06,1.074249545733134e-05,8.121288071076075e-06,1.886108269294103e-05,302.9148349807987,1.9005635598053531e-06,-1.0158832689436771e-05,-7.898885329874854e-06,-5.023999256081879e-06,-7.988528038064639e-06,-1.720783378308018e-05,-1.8592605677743752e-05,-2.436570745582382e-05,-1.4973230039079984e-05,-3.1096550325552623e-06,1.527920054892699e-06,4.9944190929333365e-06,1.077295746654272e-05,7.0016520718733466e-06,6.993704785903295e-06,6.682914681732655e-06,6.433436647057534e-06,5.71693138529857e-06,4.21753308425347e-06,2.882792614400387e-06,2.766152222951253e-06,0.037210131684939,0.1792622760772549,0.5564623951911927,3.5643641500423358,40.14557610352834,71.77248693009217,73.79239774147669,52.44940770442288,33.81727670095861,42.13711568613847,28.354349892834826,26.68179658651352,34.99630098020037,41.10297112787763,46.374899906416736,53.78965183123946,61.51157504568497,67.04873469074568,75.96868407130242,79.41870175997416,76.65977272565166,305895.08177083335,260477.19791666663,234551.090625,203157.88229166667,183603.72109375,163878.80143229166,140527.9953125,122643.76432291669,107924.26041666669,95345.382421875,74521.7359375,57561.95950520833,43259.5302734375,30783.77669270833,19637.71953125,14481.120377604168,9572.668229166668,7205.379036458334,4893.762532552083,2635.2506510416665,430.69453125,0.0009182353814442,-0.0018215229113896,-0.0010707894961039,-0.0005716443061828,0.0024957160154978,0.0019125699996948,-0.0387263933817545,-0.0464895884195963,-0.0150156656901041,0.0148932139078776,0.032487932840983,0.0192408879597981,0.0007121404012044,-0.0147986094156901,-0.0432491938273112,-0.0342267990112304,-0.0211707433064778,-0.0135650634765625
28,991.800625,18.557809829711918,4.613303462974727e-05,4.636701851268299e-05,-1.1736566193576436e-05,-1.6010464605642483e-05,1.228759083460318e-05,-1.814637471397873e-05,336.9822692871094,358.1924133300781,354.6247253417969,351.9534606933594,350.21856689453125,347.2021789550781,343.6712341308594,342.9930419921875,335.991455078125,333.82244873046875,18.425411224365234,16.945302963256836,19.75165557861328,17.185466766357422,2.217752456665039,299.2952575683594,301.9250564575196,0.0010476605966687,0.3847444057464599,0.2828283309936523,0.6958465576171875,4.719593562185764e-06,1.3683456927537918e-06,0.0008458793163299,-0.0007891487330198,254.33984375,2687600896.0,2853202944.0,2687443456.0,2854629632.0,-1.89935302734375,1116.76171875,-0.0001130185555666,-26.68218994140625,-248.64898681640625,-21.39862060546875,-0.0005275812000036,-895137.75,-77036.5,0.1929188966751098,66.21968841552734,0.0002906084991991,0.0004027234390377,0.0002910192124545,0.0004076175391674,0.0006986251100897,302.3688210588161,1.2465461622923613e-06,-9.343712008558214e-06,-7.758455467410386e-06,-6.260699592530727e-06,-1.7851562006399035e-06,-3.0873692594468594e-05,-1.1674826964735985e-05,9.071489330381157e-06,1.61296920850873e-05,2.7559814043343067e-05,9.986141230911016e-05,0.000111153232865,0.0001337355934083,0.0001496135955676,0.0001398818567395,0.0001379846362397,0.0001356044085696,0.0001299297437071,0.0001194825163111,0.0001023471122607,7.785332854837179e-05,0.0399634912610054,0.1756756901741027,0.5430919528007507,3.37170934677124,34.58255849033594,85.2835693359375,94.38050842285156,90.69873046875,73.81548403203487,61.01510075293481,68.16892850771546,86.45601654052734,85.8928451538086,79.29661560058594,81.0302963256836,82.9443588256836,83.61907951533794,85.65658569335938,90.35183715820312,88.17082214355469,84.03617095947266,305872.671875,260456.484375,234474.80859375,203030.005859375,183525.8671875,163720.599609375,140588.599609375,122650.80078125,107835.3046875,95156.65625,74108.17578125,56978.0966796875,42583.3916015625,30056.4404296875,18947.9931640625,13826.41796875,8953.46484375,6601.5966796875,4302.140574455261,2049.992431640625,-154.494140625,-0.0019392818212509,0.0024677515029907,-0.0013112723827362,0.0023671090602874,-0.0014488697052001,0.0627036094665527,-0.1909832954406738,-0.4676918983459472,-0.5491485595703125,-0.4700164794921875,-0.5303792953491211,-0.4579095840454101,-0.4272623062133789,-0.5234079360961914,-0.5057392120361328,-0.3759536743164062,-0.1376581192016601,-0.0292491912841796,3.446526248619219e-06,-4.982356646912764e-06,-6.3654342406228206e-06,-5.443619702934976e-07,6.8238974218551e-07,5.737601735632897e-07,332.6259053732844,355.81455465767885,351.266551599463,347.11073497123243,339.8103278385653,332.58024740416977,328.9746368534832,330.87693377451285,327.1717868266759,326.9742332711754,21.244023209198133,16.337286806460547,21.86186064940518,17.15324403408961,1.2617818665858822,297.17116714414226,301.9628426326261,7.610894832373655e-05,0.0121674043014336,0.0373060297669216,0.00970705910837,-9.065517127761208e-08,-9.338151184355076e-08,-0.00045706004028,-1.6242312074202226e-05,-213.57120396784237,2681498869.377593,2784886564.116183,2674976090.2904563,2785807246.340249,-0.1839985194542596,1601.6207533713691,-5.300859611527801e-05,-5.115368095176349,-135.64171502204357,-6.737348247860477,-5.110892702929706e-05,-488310.4979253112,-24254.60165975104,0.0183985460843288,41.34177533769014,2.4798778330142072e-05,1.2935939171502204e-05,2.114097607086308e-05,1.261247267861584e-05,3.3744761557994544e-05,302.5611587230462,2.2361692644006485e-06,-1.1942795894680646e-05,-7.077658182315343e-06,-5.62215297815247e-06,-8.384777265368995e-06,-1.5797644188913568e-05,-1.9217082936919576e-05,-2.0849178409922666e-05,-1.2977144398815404e-05,-2.2592088709975677e-06,1.2860405432732768e-06,4.201521710550636e-06,1.0901971244836744e-05,7.486249092208894e-06,6.906647637053644e-06,6.566053117273754e-06,5.7597548016868685e-06,4.961193999066887e-06,3.5049880688615856e-06,1.997892702330692e-06,1.7763016923210929e-06,0.0379801494266482,0.1859129449387401,0.5459443334474603,3.674208572049359,38.16394337974644,75.62228464140436,71.66677698159118,49.651473856936846,31.446086344506234,39.20601862863757,27.176987658645107,27.03105027448092,37.86515050706032,41.68045526916061,46.9303290982464,53.94768224365978,62.09201648225428,67.62825790975104,76.1922788461709,79.35704439408552,76.6243788533191,305851.6447095436,260425.39756224063,234534.32468879668,203095.71550829877,183553.75479771785,163818.7143412863,140471.35373443982,122562.85451244812,107822.83454356846,95236.67051348549,74420.4388290975,57478.75202606328,43189.968766208505,30724.51765106328,19586.998816779047,14436.576731068464,9534.205021395228,7170.333753403786,4862.2190497307365,2607.25287397076,405.9546648080913,0.0002310728631078,-0.0016691318686077,0.0007628523957185,0.0001882287476567,0.0025842783362044,-0.0007881514758984,-0.0244082098679918,-0.0127030922664151,0.0141338807418633,0.0356258416076913,0.0277385909527663,0.0220661202901626,0.0095239259395361,-0.011583162046567,-0.0096957297740635,-0.0028663809368719,-0.0004553498074226,0.0004849809828635
29,991.43875,21.295339584350582,6.979895988479257e-05,4.205315781291574e-05,-1.817162774386816e-05,-2.598634637251962e-05,1.4154020391288212e-05,-1.6666836017975584e-06,338.7625732421875,358.50360107421875,355.648193359375,352.3065185546875,349.0489807128906,346.4798583984375,343.3427734375,344.23193359375,336.95428466796875,334.75665283203125,19.95625686645508,17.507061004638672,21.52942657470703,18.40863800048828,2.3461971282958984,299.2834930419922,302.21179962158203,0.0012671397998929,0.3319590091705322,0.2320029735565185,0.4615564346313476,1.0595584342354414e-05,1.9543804228305817e-06,-0.0021570920944213,-0.0007374389097094,-508.296875,2691397120.0,2857855360.0,2691239040.0,2859383680.0,-1.8288536071777344,1248.708984375,-0.0001175146317109,-24.57415771484375,-261.91748046875,-16.28167724609375,-0.0005080103874206,-942903.0,-58613.5,0.1293153762817382,66.56164692342281,0.0003689574077725,0.0003127167001366,0.0003519840538501,0.0003496669232845,0.0007016351446509,302.3688210588161,-8.927934686653316e-06,-1.1155716492794454e-05,-7.336231647059321e-06,-2.2753665689378977e-06,-7.1183021645992994e-06,-2.38200300373137e-05,-2.403336111456156e-06,1.8760154489427805e-05,2.661690814420581e-05,5.296419840306044e-05,9.43067716434598e-05,0.0001196728553622,0.000127324135974,0.0001426796661689,0.0001326187048107,0.0001410958357155,0.0001379552995786,0.0001330107916146,0.000124329701066,0.0001053434098139,8.071039337664843e-05,0.0426349937915802,0.1895811259746551,0.5600244998931885,3.5884477216750383,38.08545611798763,76.43125915527344,97.02595520019533,97.59873962402344,73.72764586657286,55.87515264376998,62.10421560332179,82.41121673583984,85.53875780105591,81.84583282470703,81.12215387821198,82.13125610351562,84.75182341039181,87.6998062133789,90.42657470703124,88.19432830810547,83.90695190429688,305852.75,260583.79296875,234734.76171875,203229.619140625,183670.48046875,163947.408203125,140720.064453125,122775.162109375,107934.443359375,95239.001953125,74191.3701171875,57073.6630859375,42688.7919921875,30168.0673828125,19058.1357421875,13932.408203125,9053.6875,6699.00244140625,4397.16015625,2143.650390625,-62.98193359375,0.0019197463989257,-0.0024904310703277,-0.0038414001464843,0.0094579458236694,-0.0061133503913879,0.0331164598464965,-0.1981992721557617,-0.5176019668579102,-0.5551843643188477,-0.4281320571899414,-0.4498243331909179,-0.4324550628662109,-0.4700765609741211,-0.5046491622924805,-0.4577217102050781,-0.3344497680664062,-0.111121654510498,-0.0035033226013183,2.6847231354279465e-06,-4.201920584341254e-06,-4.281901852376766e-06,1.2919820185811176e-06,2.344137362393639e-07,-1.1294863662551397e-06,332.58883557319643,355.7652099688848,351.35564064979553,347.15585647424064,339.5372806708018,332.46637137730914,329.04701906840006,331.0327562570572,327.5306587139765,327.2260223865509,21.64022542834282,16.666593612672294,22.33062221876656,17.423370700205364,1.3048333698151209,297.308600362142,302.05711924235027,8.2142340640227e-05,0.013398520151774,0.0359352747599283,0.0065807660420735,-5.390446555490295e-07,-2.010104556878408e-07,-0.0015780508518218,-6.202223400274913e-05,-655.0932291666667,2685421038.9333334,2790604672.0,2678864955.733333,2791522065.0666666,-0.2607218424479167,1561.2208333333333,-5.615853588096798e-05,-14.241410319010416,-137.356787109375,-10.874739583333334,-7.241889834403991e-05,-494484.7833333333,-39148.3,0.0158503135045369,42.05967677235604,2.1866646905740104e-05,1.0856675604979195e-05,2.2817309945821763e-05,1.1313147842884063e-05,3.4123286604881285e-05,302.5602023979042,1.9724238275860745e-06,-1.2941713794134558e-05,-5.7796307373791935e-06,-6.678496720269322e-06,-7.973176737626394e-06,-1.44297257065773e-05,-1.9312552952518067e-05,-1.9279432793458304e-05,-1.3207846010724704e-05,-4.681533512969812e-06,1.5972182154655457e-06,3.837972568968932e-06,8.926866576075554e-06,7.607632627089818e-06,7.102196104824543e-06,6.291021903355916e-06,5.256237151722113e-06,3.848271444439888e-06,2.194630602995554e-06,1.2129001940290131e-06,1.2516509741544724e-06,0.0383709251880645,0.1930194397767385,0.5621581872304281,3.4381329253315926,36.6791146611174,73.58260599772136,69.82942606608073,47.20853174775839,29.248693485061327,35.524492706855135,26.312386034429075,26.32180674051245,38.7332978963852,42.6554363489151,48.932237631082536,55.69074367483457,63.28362332905332,68.51923557582,77.16404045869906,80.53097847675284,76.94257303873698,305944.4231770833,260568.57265625,234731.267578125,203238.40716145837,183677.08671875,163915.74609375,140564.64270833333,122661.30403645831,107922.095703125,95333.20703125,74517.8087890625,57583.4517578125,43296.226171875,30836.848307291668,19706.061979166665,14558.915364583334,9660.057356770832,7297.97412109375,4991.834895833334,2739.06591796875,538.9943033854166,0.0001749416192372,-0.0021206577618916,-0.0016323288281758,0.0002856850624084,0.0046299656232198,0.0035238186518351,-0.0154971122741699,-0.0059314092000325,0.0153861999511718,0.0248682022094726,0.0124159495035807,0.0165184020996093,0.0051596959431966,-0.0264897028605143,-0.0199803034464518,-0.0013942718505859,0.0112605094909667,0.016390577952067
30,992.031875,21.7359619140625,6.987839879002422e-05,3.153152283630334e-05,-1.457527105230838e-05,-2.1987580112181604e-05,6.212943389982684e-06,-6.313632638921263e-06,339.8311767578125,359.0620422363281,355.84014892578125,352.45184326171875,349.16314697265625,347.0112609863281,343.02587890625,344.7604675292969,338.0440368652344,335.7469482421875,19.74817657470703,17.277170181274414,20.66809844970703,17.830711364746094,2.3802919387817383,299.22019958496094,302.35294342041016,0.0015150299295783,0.3306145668029785,0.2246665954589843,0.2891407012939453,5.89259434491396e-06,1.934007741510868e-06,-8.982419967651367e-05,-0.0005841720849275,394.39453125,2694160384.0,2863045504.0,2693850624.0,2864577152.0,-1.697711944580078,1195.314453125,-0.0001145393762271,-29.87640380859375,-258.5907592773437,-18.3546142578125,-0.0004715826362371,-930925.5,-66076.75,0.1253693103790283,67.53316612541676,0.0003993404097855,0.0002354197204113,0.000420840922743,0.0002679163590073,0.0006887437775731,302.520953858452,-1.1776151950471103e-05,-1.231668284162879e-05,-7.195165380835533e-06,-1.1465715942904351e-05,-1.1320124031044544e-05,-2.483883872628212e-05,3.5361736081540585e-06,1.850241096690297e-05,3.2131385523825884e-05,5.8941077440977097e-05,8.724280633032322e-05,0.000120366923511,0.0001237320248037,0.0001349811209365,0.0001341101014986,0.0001411734847351,0.0001394710270687,0.0001330234808847,0.0001290076179429,0.0001161969266831,9.238405618816614e-05,0.0366638898849487,0.1918700039386749,0.678941011428833,3.495603084564209,34.60917271673679,88.91034685075283,94.14749166369438,95.43719482421876,77.15632629394531,61.13780764117837,65.17691233754158,84.9389419555664,83.30455017089844,80.45049351453781,82.2869494408369,82.72220611572266,86.45323944091797,89.72164916992188,90.24374389648438,87.56627655029297,83.13133236765862,306012.9453125,260691.40625,234944.92578125,203363.88671875,183840.9453125,164198.197265625,140867.828125,122870.2109375,108017.86328125,95321.3671875,74274.3291015625,57154.5859375,42763.6064453125,30233.66015625,19111.1923828125,13980.779296875,9098.173828125,6742.52978515625,4439.306607246399,2184.404052734375,-23.564453125,0.000102549791336,0.0022675991058349,-0.0049552917480468,0.0054492354393005,-0.0082408189773559,0.0041961669921875,-0.2297549247741699,-0.5121183395385742,-0.5394191741943359,-0.4326295852661133,-0.4450130462646484,-0.3943777084350586,-0.3896303176879883,-0.3867902755737304,-0.3773479461669922,-0.295175552368164,-0.1113929748535156,-0.0195493698120117,3.2790477474494102e-06,-1.0483962802745882e-06,-3.32789064369024e-06,1.948254681334062e-06,-8.233889378009169e-07,-1.7780761409913354e-06,333.6142995595932,355.99084146817523,351.6305103778839,347.2337002595266,339.3901919603348,332.6384349981944,329.5192238966624,331.5525715907415,328.0619070370992,328.1147128899892,21.418890371732413,16.762162924092262,22.07779571178059,17.288432505664726,1.357184311778595,296.86077168782555,303.6632517496745,7.520311822493871e-05,0.0148865779240926,0.0324517885843912,0.0092505137125651,-3.044338275988897e-07,-2.2214371711015707e-07,0.0001668214797973,-5.2352373798688254e-05,15.86484375,2683699182.9333334,2790058240.0,2675161198.9333334,2790968977.0666666,-0.1617207845052083,1463.7846354166666,-5.744809750467539e-05,-59.46451009114583,-136.98072916666666,-49.4355224609375,-4.492178559303284e-05,-493130.8666666666,-177966.78333333333,0.0156842470169067,42.52971013585727,1.9448902457952495e-05,8.620694279670715e-06,2.0888602981964748e-05,8.295010775327683e-06,2.918646981318792e-05,302.58315045045816,2.8922756124908724e-06,-1.315576567625006e-05,-6.930190526569883e-06,-5.370174767449498e-06,-9.086259524337947e-06,-1.4978589024394751e-05,-1.994128106161952e-05,-1.8721298935512706e-05,-1.258556731045246e-05,-5.757606898744901e-06,1.470162533223629e-06,3.0213113253315288e-06,7.011500808099906e-06,5.866307765245437e-06,6.478939515848954e-06,5.907487745086352e-06,4.77139838039875e-06,3.2416855295499164e-06,1.317580851415793e-06,3.0904387434323626e-08,6.63179283340772e-07,0.0366262515385945,0.2002363978982127,0.6176698525746663,3.340592098236084,36.413451829801005,68.32726501325766,64.67040787140529,43.6558339436849,27.694502766927084,32.48352519671122,25.7549479616185,27.57425526330868,39.90621219277382,43.49894985221327,49.86241449515025,57.00108494659265,63.319578594217695,67.6107431727151,73.49773155525327,74.16112527151903,69.97885743702452,306112.78541666665,260670.15625,234905.433984375,203451.5553385417,183863.56966145837,164079.50638020833,140690.3359375,122771.124609375,108018.76796875,95421.18919270832,74605.43385416667,57677.3935546875,43386.66276041666,30921.0775390625,19786.72317708333,14637.4208984375,9735.040299479168,7370.871940104166,5061.903938802084,2804.789501953125,600.059765625,-0.0002547661463419,-0.0010880708694458,-0.0028896927833557,-0.0025951663653055,0.0028582175572713,0.000362229347229,-0.0191771189371744,-0.0219088872273763,-0.0105477650960286,-0.0069257100423177,-0.0034556070963541,0.0004580815633138,0.001313845316569,-0.027507209777832,-0.0360701878865559,-0.0214509963989257,-0.0169246355692545,-0.0172967910766601
31,990.76625,22.570777893066406,5.929486360400915e-05,1.895434979815036e-05,-2.1398389435489665e-05,-1.2827558748540469e-05,1.3002612831769513e-05,4.49137223768048e-06,340.38299560546875,359.6674194335937,355.9049072265625,352.62945556640625,348.42388916015625,348.2984924316406,344.043212890625,345.57330322265625,338.8124084472656,337.19683837890625,18.06841278076172,16.60853385925293,18.83921241760254,17.01746940612793,2.3423492908477783,298.96680450439453,302.5854949951172,0.0016458677127957,0.3676939010620117,0.2465224266052246,0.5007791519165039,6.720772944390774e-06,3.525055944919586e-06,0.0009599924087524,-0.0007898826152086,810.90234375,2691601408.0,2861904640.0,2690785408.0,2863426176.0,-2.7106246948242188,1093.638671875,-0.0001059380592778,-33.7156982421875,-226.85662841796875,-35.07366943359375,-0.0007529519498348,-816681.625,-126261.0,0.1638180017471313,68.09935760498047,0.0004217815585434,0.0003935918211936,0.0004571862518787,0.0004023564979434,0.0008595585823059,302.60196794782365,-7.912894943729043e-06,-1.3591110473498702e-05,-1.297862036153674e-05,-9.867653716355562e-06,-7.097391062416136e-06,-1.401954796165228e-05,-2.673594281077385e-06,8.268165402114391e-06,2.261647023260593e-05,5.846691783517599e-05,7.784250192344189e-05,0.0001148030860349,0.0001321763265877,0.0001433357829228,0.0001451825955882,0.0001463368535041,0.0001430535921826,0.0001396175939589,0.0001363919582217,0.0001217586686834,9.551213588565588e-05,0.0370122976601123,0.160070851445198,0.804747162386775,3.599423885345459,32.126017455011606,104.46893310546876,88.21973422914743,93.41343688964844,69.31652662158012,60.04777001589537,61.419222101569176,88.00472258776426,80.02016457170248,78.73008728027344,83.17973327636719,86.60364532470703,88.24569702148438,88.83354949951172,88.66803741455078,85.94761641323566,82.05795267224312,306185.578125,260574.2421875,234808.4765625,203419.927734375,183912.173828125,164259.0078125,140895.41015625,122865.482421875,108002.779296875,95294.248046875,74250.4375,57129.078125,42705.6982421875,30148.966796875,19013.09765625,13880.7470703125,8997.42529296875,6640.01220703125,4334.6015625,2077.18896484375,-129.580078125,-0.0022848844528198,0.00504070520401,-0.0049293637275695,0.0105208158493042,0.0042802691459655,-0.0370581150054931,-0.33758544921875,-0.5839872360229492,-0.5608997344970703,-0.4578008651733398,-0.5464668273925781,-0.6144800186157227,-0.5754022598266602,-0.5221128463745117,-0.4604148864746094,-0.3101353645324707,-0.1102652549743652,-0.0239601135253906,3.1221611636433886e-06,5.018536960069298e-07,-1.3009261128009863e-06,2.56667923500808e-06,-2.088507570369505e-06,-3.101298556590822e-06,334.66559590498605,356.20402655601504,351.8466782808304,347.1332129875819,339.2172840992609,332.75462524096173,329.9466904640197,332.3401698430379,329.22711106936134,329.62390888532,20.827009005782504,16.517069957915616,21.45332205315741,17.020007691641027,1.3493519874983273,296.2520395914714,305.01331634521483,5.205820004145304e-05,0.0195873260498046,0.0356876691182454,0.0086528142293294,-3.429517770806949e-07,-3.656217207511266e-07,0.0016140639781951,-3.214043875535329e-05,555.1971354166667,2676390656.0,2783074790.4,2665656908.8,2783956556.8,-0.1596305847167968,1474.5715494791666,-5.50922064576298e-05,-82.97481689453124,-120.03832600911458,-84.965185546875,-4.4338156779607134e-05,-432137.375,-305874.4666666667,0.0138949155807495,42.660086096823214,1.406930387020111e-05,8.0517182747523e-06,1.4458938191334406e-05,8.175553133090336e-06,2.2628220419089e-05,302.61426984369075,3.966660005971789e-06,-1.3323217475165923e-05,-9.048924160500368e-06,-5.218863952904939e-06,-1.0774093486058217e-05,-1.6867163746307295e-05,-2.210444848363598e-05,-1.8479302525520325e-05,-1.1510774493217469e-05,-6.785600756605466e-06,6.532917420069377e-07,2.907697732249896e-06,4.953658208250999e-06,1.710117794573307e-06,3.825539412597815e-06,4.469075550635656e-06,3.774875464538733e-06,2.621626481413841e-06,1.1298106983304024e-06,3.680276374022166e-07,1.2608555456002553e-06,0.036546141654253,0.1917480990601082,0.6628414422894517,3.5126959800720217,36.43073938935995,68.09390646119913,59.14155991673469,41.50069165329138,26.481396549629668,33.21980312044422,26.00862563550472,27.654041737814744,39.95265321284533,44.49781795764963,50.554654983679455,57.06063820334772,61.70435868501663,63.83859510819117,68.00459445863962,67.62694676443934,64.50405969619752,306152.97369791666,260622.6434895833,234863.17786458333,203468.5381510417,183889.78776041663,164108.06549479166,140675.923046875,122738.22747395834,107974.77890625,95375.38333333332,74570.95045572917,57647.647265625,43349.26634114584,30873.1591796875,19728.260872395836,14570.767513020834,9657.600455729167,7286.700748697916,4970.15224609375,2705.54365234375,495.88795572916666,-0.0011592030525207,-0.0007887283960978,-0.0003960013389587,-0.0029947360356648,0.0004322886466979,-0.0033997615178426,-0.0188922882080078,-0.0266506830851236,-0.0205924987792968,-0.0256437937418619,-0.0112864176432291,0.0081865310668945,0.0130940119425455,-0.019047991434733,-0.0447490692138671,-0.0430818875630696,-0.0475113232930501,-0.0511256535847981
32,986.020625,22.56305313110352,6.420203862944618e-05,5.368680831452366e-06,-1.5620571502950042e-05,-2.802168864945997e-06,7.187256414908916e-06,1.2562495612655766e-05,340.55633544921875,358.9342956542969,355.8968811035156,353.29510498046875,350.1886291503906,351.5256042480469,346.5833435058594,348.302978515625,341.0433349609375,338.59576416015625,20.605070114135746,19.295530319213867,20.730823516845703,19.268892288208008,2.3996517658233643,298.57276153564453,302.26924896240234,0.0014906004071235,0.3616354465484619,0.3202402591705322,0.7620525360107422,1.2554926797747612e-05,4.564761184155941e-06,0.0012634694576263,-0.0010122172534465,595.703125,2683390976.0,2864668672.0,2680982912.0,2866436224.0,-2.455997467041016,752.9140625,-9.701501403469592e-05,-19.47314453125,-211.00213623046875,-35.35223388671875,-0.0006821956485509,-759608.25,-127270.25,0.108065128326416,72.48723602294922,0.0003585224039852,0.0003877552226185,0.0004140541423112,0.0004334887489676,0.000847540795803,302.5797343351403,-1.409661490470171e-05,-5.394176696427167e-06,-2.1910789655521512e-05,-2.6169291231781244e-06,-9.35024581849575e-06,-1.1553900549188256e-05,2.077571116387844e-05,1.7973477952182293e-05,3.493472468107939e-05,6.047496572136879e-05,8.926831651479006e-05,0.000124130398035,0.0001602515112608,0.0001701515866443,0.0001725321635603,0.000165362842381,0.0001581108663231,0.0001540693920105,0.000146263744682,0.0001228839391842,8.977693505585194e-05,0.0430772118270397,0.1532788275217171,0.6387937664985657,3.4930129051208496,30.58367156982422,102.0419464111328,91.05583238601685,94.28524807095528,74.75771350413561,70.79659236967564,70.16680145263672,93.8415756225586,84.9641494974494,87.5608901977539,89.89920043945312,90.77204890549184,89.448326125741,89.24610900878906,88.87094113230705,85.35306549072266,83.33197028934956,306218.734375,260830.11328125,234825.037109375,203538.1953125,183937.427734375,164191.59765625,140831.12890625,122811.173828125,107958.810546875,95240.640625,74161.4609375,56986.78125,42514.732421875,29928.6318359375,18784.6982421875,13650.55419921875,8764.545860290527,6406.375,4100.746676445007,1843.218505859375,-352.1337890625,0.0008330941200256,-0.005446434020996,0.0082312822341918,0.0007717609405517,-0.0049268007278442,0.008185863494873,-0.3690738677978515,-0.5553159713745117,-0.5115766525268555,-0.4692821502685547,-0.4971742630004883,-0.6652936935424805,-0.7101945877075195,-0.7404594421386719,-0.5756263732910156,-0.3646097183227539,-0.1264886856079101,-0.0298371315002441,2.583021588656479e-06,1.4944722287080743e-06,-4.254435801108868e-07,3.619192749490885e-06,-1.4885673134542768e-06,-4.542483016631112e-06,333.85446910419626,356.31527395403623,352.11628417653407,347.93438341499944,339.89988192511726,333.797200901876,330.3424267937619,332.721670526708,329.64941440938026,329.43294262424115,19.640029534339536,15.869783787387371,19.923809284727817,15.885074047117202,1.282096919570204,295.2007834479594,305.36409187760347,9.66448280060516e-05,0.0389329559948979,0.049390260208118,0.0233922794295724,-5.163974964712609e-07,-4.578122902335322e-07,6.288356234078197e-05,-1.68523519992582e-05,80.22366031064324,2666671153.467321,2771151762.087316,2653215297.1407905,2772023431.704469,-0.1574576162793044,1288.6659132007233,-4.344541442634533e-05,-46.96705659370157,-110.23683936341546,-61.214820540558,-4.373488115790093e-05,-396851.8997675019,-220373.6050116249,0.0232819478599885,41.77876803783199,2.1044920347544364e-05,1.2483993447495196e-05,2.6846618745962e-05,1.1804152508171237e-05,3.864856937756313e-05,302.6283165891384,4.98532463135537e-06,-1.08896446058159e-05,-1.0832689774206552e-05,-4.470780945881755e-06,-1.175403250927489e-05,-1.835741952548366e-05,-2.457768141692136e-05,-1.8081591938300143e-05,-1.315838497086832e-05,-9.071441137264848e-06,-1.6811724585699684e-06,7.764261997360433e-07,1.1333199691877166e-06,-2.9025501079589814e-06,-5.8414808610895444e-08,1.3316679794992843e-06,1.3001798453626014e-06,5.962793986923902e-07,-5.468633049943595e-08,1.944654345227532e-07,1.4684228714939484e-06,0.0371193282567955,0.1927072821361585,0.6464524010268023,3.388945241887204,34.79744541894493,74.49220465283405,55.44610422238365,39.07522705869446,29.08839812410552,39.05422190540799,29.380297587164858,30.79908342294932,40.24567156471168,44.675637675083074,49.590110780779504,54.4893402152824,58.22913250421807,60.45371329658132,64.61419442506207,64.98147693230982,63.24839002727015,306273.43971196073,260736.03162942396,234944.66219969,203548.3546887109,183910.15073624387,164145.7063258848,140672.58491022993,122712.65369090674,107941.54979333506,95328.97624967709,74505.51042406677,57567.47368150187,43254.0858557624,30770.108163063484,19613.52731953145,14449.539329913136,9530.13169138304,7156.709110134857,4838.718001495496,2574.048636457896,366.3651047048566,-0.0009869102574355,-0.0004790764512771,0.0010712680444641,-0.0006168354576916,0.0065458367204087,-0.0013766125541298,-0.0193333052997594,-0.0298212182457149,-0.0309473615196501,-0.0423095905636053,-0.0379899849543057,-0.0084555275339822,0.0111910404391573,-0.0016436186356619,-0.0215464764188285,-0.0242427223814577,-0.0363422471157065,-0.0433935662074718
33,985.866875,22.55354881286621,6.306380964815617e-05,1.7009704606607556e-05,-8.551952305424493e-06,1.0290293175785337e-05,1.4070510587771423e-05,8.485596481477842e-06,340.72772216796875,359.0507202148437,355.7042236328125,353.01007080078125,350.0618591308594,351.8983764648437,347.30548095703125,348.09344482421875,341.45928955078125,339.19873046875,22.45859718322754,22.41360282897949,22.830278396606445,22.49775695800781,2.440973281860352,298.6205139160156,301.8700485229492,0.0014322586357593,0.3460402488708496,0.2869172096252441,0.7913341522216797,1.20081240311265e-05,6.075482815504074e-06,-4.792213439941406e-05,-0.0010771285742521,364.69921875,2685347712.0,2863122816.0,2682942848.0,2864963200.0,-2.424911499023437,795.3779296875,-9.424061863683164e-05,-4.40093994140625,-202.91522216796875,-11.45538330078125,-0.0006735809147357,-730496.5,-41237.75,0.1085573434829711,71.08702020347118,0.0003858865238726,0.0003806818276643,0.0003978572785854,0.0004234863445162,0.0008213194087147,302.5797343351403,-1.359585439786315e-05,-3.5474513424560428e-06,-1.972350582946092e-05,-4.694884410127997e-06,-8.220027666538954e-06,-1.8377555534243584e-05,6.48468267172575e-06,7.428170647472143e-06,2.431310713291168e-05,6.639538332819939e-05,9.805639274418354e-05,0.0001241440186277,0.0001486480468884,0.0001639002002775,0.0001630986807867,0.0001611507032066,0.0001610540784895,0.0001569990999996,0.0001470043789595,0.0001214195508509,8.752744179219007e-05,0.0394820757210254,0.1740022450685501,0.5170085430145264,3.8347004428505898,30.28086089342833,95.4870834350586,98.69100189208984,92.49950408935548,67.6073620095849,56.66807356104255,64.44425201416016,89.51551818847656,80.45355232059956,82.57654571533203,88.25914001464844,90.46137237548828,89.13377380371094,89.05289459228516,88.02178956568241,85.40003967285156,83.38834381103516,306198.85546875,261095.2421875,235083.935546875,203651.73046875,184049.052734375,164227.3125,140881.677734375,122879.33984375,108032.79296875,95321.10546875,74235.1728515625,57052.78125,42553.2666015625,29962.79296875,18811.4482421875,13675.2060546875,8788.6220703125,6430.4716796875,4124.587491035461,1866.71044921875,-329.921875,0.0013437867164611,-0.0069320797920227,0.0024130344390869,0.0050861835479736,-0.0046547651290893,0.0251043438911438,-0.3021388053894043,-0.5152502059936523,-0.5105867385864258,-0.5024805068969727,-0.6488409042358398,-0.7849063873291016,-0.7933273315429688,-0.7734193801879883,-0.6273508071899414,-0.3954591751098633,-0.1205625534057617,-0.0111913681030273,2.687660101579938e-06,1.8848378757025291e-06,-2.997719417404075e-07,-6.655810071388528e-07,-2.3420907982420425e-06,-4.624664901675563e-06,333.8383764743805,356.310896897316,352.1415334860484,347.95790158112845,339.878577152888,333.6345686197281,330.1954424381256,332.4403572320938,329.6948570728302,329.1887809435527,19.553115447983146,15.780520295941582,20.15912443610529,16.030908864953865,1.2792768695236494,295.5723332722982,304.355419921875,6.742576758066813e-05,0.0390769481658935,0.0393895149230957,0.0346869786580403,-6.415105114380519e-07,-3.868015483021736e-07,-0.0010801096757253,2.3207316795984905e-05,-285.67109375,2668975812.266667,2772947490.133333,2655477862.4,2773834487.4666667,0.036328633626302,1391.6344401041667,-4.208243529622753e-05,-3.871683756510417,-102.63474527994792,-7.783768717447916,1.008796195189158e-05,-369485.26666666666,-28021.216666666667,0.0178261677424112,41.57502080028256,1.800435905655225e-05,1.5950947999954224e-05,1.8729579945405325e-05,1.3696588575839997e-05,3.243964165449143e-05,302.6308943352402,5.316507304087281e-06,-9.214209664302569e-06,-1.1962327213647464e-05,-3.898966436584791e-06,-1.1070082352186244e-05,-2.040208783000708e-05,-2.46065785177052e-05,-1.9232521299272776e-05,-1.4711621527870496e-05,-1.1050941733022533e-05,-3.4954166039824487e-06,1.1757947504520416e-08,1.7468507091204325e-07,-4.457853113611539e-06,-9.524015088876088e-07,6.480608135461807e-07,1.1594655613104505e-06,7.513755311568578e-07,4.128087311983109e-07,3.43138041595618e-07,1.3703092311819397e-06,0.0383924710253874,0.1935853736940771,0.6094783306121826,3.191225543245673,30.3167485550046,77.29557394087314,55.723319090902805,36.46083489259084,34.059426958176,39.88275930260618,30.443563334147136,31.227635862926643,37.940705183645086,42.33245293100675,49.015273535251616,54.033892416208985,58.60156107296546,61.41341399786373,66.61197551563382,68.13679199827214,66.75163138930996,306367.65130208334,260919.71041666667,235107.879296875,203696.58255208333,183991.136328125,164191.016015625,140726.49791666667,122765.07994791666,107998.43489583331,95389.173046875,74572.0666015625,57641.41243489584,43325.09837239584,30834.348763020836,19672.262174479165,14507.087727864584,9589.153971354166,7217.202213541666,4901.237955729167,2639.2880859375,433.9921549479167,-0.0003826916217803,-0.0017052173614501,-0.0001798391342163,0.0011128584543863,0.0068257013956705,0.0011865019798278,-0.0186011632283528,-0.029787254333496,-0.0323452631632487,-0.0317498524983723,-0.0035164515177408,0.0318874359130859,0.0548248291015625,0.0384462356567382,0.0029685338338216,-0.005832290649414,-0.0110463778177897,-0.0170884768168131
34,986.026875,23.74964904785156,5.957562825642526e-05,2.1257379557937384e-05,-4.585626811604016e-06,2.101888276229147e-05,2.8708316676784307e-05,5.095332198834512e-06,339.9719543457031,359.41387939453125,356.176025390625,353.4482727050781,351.768798828125,351.709228515625,348.2412109375,349.04638671875,341.41973876953125,338.1532287597656,24.41560935974121,22.868877410888672,24.824398040771484,23.14735412597656,2.443777322769165,298.2764434814453,301.5487823486328,0.0016477946192026,0.3016139268875122,0.3530497550964355,0.9035091400146484,1.2149685062468052e-05,6.234971806406975e-06,0.0009098649024963,-0.0012803263962268,493.19140625,2682016000.0,2860719232.0,2677306880.0,2862651008.0,-3.0366668701171875,696.3408203125,-9.39582532737404e-05,-5.485107421875,-185.8331298828125,-10.71478271484375,-0.0008435267955064,-669000.0,-38574.5,0.0899995565414428,71.45820617675781,0.0003852494992315,0.0004542367532849,0.0004577212966978,0.0004347367212176,0.0008924528956413,302.5757870431674,-8.17631371319294e-06,-5.206835339777172e-06,-1.7467071302235126e-05,-7.070397259667516e-06,-5.859779776073992e-06,-2.1982123143970966e-06,5.647831130772829e-06,4.811619874089956e-06,3.076519351452589e-05,6.592250429093838e-05,9.257998317480089e-05,0.0001240245765075,0.0001540165394544,0.0001761750318109,0.0001714322715997,0.0001638104440644,0.0001619630493223,0.0001559706870466,0.0001422293717041,0.0001187282614409,8.849508594721556e-05,0.0374702773988246,0.2101354300975799,0.5526407361030579,3.707602024078369,30.9268466681242,90.13420867919922,98.37034605443478,95.49037163704634,70.38977813720703,58.37195525318384,73.56764985620975,89.16276550292969,85.73084285855293,85.88255332410336,88.5854721069336,88.73112487792969,89.23346710205078,89.01802062988281,88.59315490722656,85.95751190185547,84.15730287134647,306312.0703125,261193.52734375,235293.75390625,203769.19140625,184166.98828125,164336.587890625,140982.767578125,122986.357421875,108117.916015625,95393.51171875,74288.7509765625,57102.8837890625,42615.5615234375,30024.9931640625,18877.34326171875,13743.14892578125,8860.30322265625,6504.35009765625,4200.97998046875,1948.15478515625,-242.89453125,0.0018787086009979,-0.0062536001205444,-0.0005726218223571,0.0146098732948303,-0.0033497214317321,-0.0047951936721801,-0.2233192920684814,-0.4787244796752929,-0.4871664047241211,-0.5184288024902344,-0.8184604644775391,-1.0157184600830078,-0.9616909027099608,-0.8751649856567383,-0.6418123245239258,-0.3703489303588867,-0.1079239845275878,-0.0196599960327148,1.78096931782723e-06,1.848139050687296e-06,-6.517597511852361e-07,-1.5364207270983131e-06,-2.938510076896476e-06,-1.920109871916357e-06,333.7071280241013,356.2451165596644,352.2186083316803,348.15680730342865,339.86657925446826,333.1008723974228,329.83971837361656,331.89431183338166,329.16485249996185,328.75677783489226,19.139552643460533,15.550976600218563,19.803938915239023,15.930576831505944,1.235047115588774,295.4562093098958,303.3641662597656,4.178173840045929e-05,0.042014201482137,0.0275025049845377,0.0260040283203125,-6.335321813821793e-07,-4.359986633062363e-07,-0.0003032724062601,2.5000423192977905e-05,1.42109375,2663900279.4666667,2765098282.6666665,2647456469.333333,2766011605.333333,0.1408910115559895,1394.3857747395834,-4.105795330057542e-05,-1.1395345052083334,-95.20886637369792,-1.2328898111979167,3.9139017462730405e-05,-342751.51666666666,-4437.916666666667,0.0135786294937133,40.46625213846564,1.1558582385381062e-05,1.077745109796524e-05,1.1604527632395426e-05,1.2952648103237151e-05,2.4555747707684834e-05,302.66327025558775,5.136383697390556e-06,-8.171205990947783e-06,-1.088536810129881e-05,-4.656717646867037e-06,-1.151106844190508e-05,-2.3542589042335747e-05,-2.541778376325965e-05,-2.022283151745796e-05,-1.6373395919799804e-05,-1.2183096259832382e-05,-4.771848519643148e-06,-9.283656254410744e-07,-1.8736037115255991e-06,-6.35078176856041e-06,-3.308197483420372e-06,-3.290207435687383e-07,9.587810685237249e-07,8.814502507448197e-07,8.462074523170789e-07,4.145161559184392e-07,1.156500851114591e-06,0.0395051641079286,0.2122121512889862,0.6167098440540334,3.05365203221639,29.086223394672075,76.93139759898186,54.95261477728685,36.49958889316768,36.74382168141504,40.025441865622994,29.890743846197925,29.967147480944792,35.72710440009833,40.11783793369929,46.985382588704425,53.06656217376391,58.922907043248415,62.65568266709646,68.16140821327765,70.61248344033956,69.13575837860505,306382.83619791665,261035.84140625,235265.61471354167,203838.73033854167,184108.5436197917,164276.6453125,140815.974609375,122858.92682291666,108092.00638020832,95481.61080729168,74656.3236328125,57729.4486328125,43414.23684895833,30921.1046875,19754.97379557292,14589.46884765625,9675.218489583332,7307.032194010417,4995.894596354166,2739.584375,539.294140625,0.0004204452037811,-0.0018139600753784,-0.0012131333351135,0.0007587154706319,0.0025897701581319,-4.6086311340332034e-05,-0.029803450902303,-0.03326416015625,-0.0377268473307291,-0.0336838404337565,0.0045195261637369,0.0339813232421875,0.0245187123616536,0.0029260635375976,-0.0185157140096028,-0.0151325861612955,-0.0098148345947265,-0.0096178372701009
35,984.800625,24.93110466003418,8.074642391875386e-05,2.3035918275127187e-05,5.524645985133248e-06,3.351922350702807e-05,1.436319053027546e-05,-7.716425898252055e-06,339.3075256347656,359.6695251464844,357.4317626953125,355.6452331542969,352.59344482421875,350.6520690917969,346.8221435546875,347.42266845703125,340.40008544921875,337.3643493652344,23.074928283691406,21.491647720336918,22.94290542602539,21.105445861816406,2.431351900100708,297.9303665161133,301.44210052490234,0.001863619312644,0.4297305345535278,0.3922164440155029,1.0270328521728516,1.9337167032063007e-05,1.0699324775487185e-05,0.00039604306221,-0.0013073440641164,921.375,2667544704.0,2840541184.0,2659188096.0,2842622080.0,-4.351192474365234,572.5634765625,-9.224272798746824e-05,-5.36285400390625,-232.113037109375,-8.55792236328125,-0.0012086797505617,-835607.25,-30809.0,0.2252581119537353,69.17542266845703,0.0005201175808906,0.0009572794660925,0.00051766843535,0.0008656857535243,0.0013833614066243,302.52629978671393,-5.9776793932542205e-06,-8.985880413092673e-06,-1.4774093870073555e-05,-6.005808245390654e-06,-1.308546052314341e-05,-2.561660949140787e-06,2.0917155779898167e-05,2.530287019908428e-07,2.336350735276937e-05,5.812011659145355e-05,9.207928087562324e-05,0.0001337300054728,0.0001629120670258,0.0001853833673521,0.0001740042353048,0.000162667944096,0.0001573722111061,0.0001507664564996,0.0001389656681567,0.0001165244029834,8.917797822505236e-05,0.0329354144632816,0.2603187617496587,0.5619820356369019,3.3638999611139297,28.994075775146484,100.64414235949516,97.17232511937618,94.35729224979876,76.58445085957646,66.31696367263794,74.22892136871815,88.80851012840867,86.12962327897549,84.47982788085938,88.8400499522686,88.93551635742188,89.14449310302734,88.67757415771484,89.15827178955078,87.023681640625,85.02223205566406,305889.3359375,260865.671875,235088.400390625,203620.92578125,183995.10546875,164242.578125,140932.76171875,122915.35546875,108027.927734375,95266.060546875,74093.5849609375,56913.69921875,42452.73046875,29886.068359375,18754.6953125,13626.13720703125,8747.61669921875,6394.07373046875,4094.9878997802734,1848.789794921875,-334.69580078125,0.0059404075145721,-0.0098512768745422,0.0038294196128845,0.0057542324066162,-0.0029140710830688,-0.0236607789993286,-0.3656497001647949,-0.667149543762207,-0.7048683166503906,-0.8060970306396484,-1.0836801528930664,-1.1178274154663086,-0.970672607421875,-0.7756338119506836,-0.6160726547241211,-0.3706016540527344,-0.0747590065002441,-0.0016713142395019,-5.748164410760622e-07,3.17127421830812e-06,9.480935016063784e-07,-1.5063548032513233e-06,-2.974644044161148e-06,-5.0881733752265276e-08,333.6146832148234,356.01592122713726,352.0908278306325,348.1434527158737,339.63112415472665,332.35638020038607,329.67542180220283,331.30930875937145,328.58446607589724,328.2229858398438,19.086661747346323,15.485340555943548,19.74737373255193,15.870015964967507,1.1969796538716764,295.10205027262367,302.3663976033529,7.820222526788712e-05,0.0386375029881795,0.0271622498830159,0.0112410863240559,-1.0684908678134282e-06,-6.746345510085424e-07,0.0007794618606567,2.2242094079653425e-05,363.93854166666665,2649405653.333333,2748473011.2,2629402786.133333,2749410235.733333,-0.0019526163736979,1462.6134765625,-3.951615653932095e-05,-1.1914469401041667,-99.36444498697917,-1.86494140625,-5.365659793217977e-07,-357711.75,-6714.766666666666,0.0092224995295206,39.61428894301255,2.0136870443820956e-05,9.52476014693578e-06,2.1723533670107524e-05,1.0175413141647974e-05,3.190034379561742e-05,302.6863866254208,5.787086168614527e-06,-9.679909756717585e-06,-8.470679555709163e-06,-5.9062421011428034e-06,-1.195018800596396e-05,-2.5287429646899303e-05,-2.837968058884144e-05,-2.0993271997819345e-05,-1.7892157969375452e-05,-1.2330811781187852e-05,-5.750637501478195e-06,-2.9668289547165237e-06,-4.692996541659037e-06,-7.167217942575614e-06,-2.7779101704557736e-06,5.194917321205139e-07,1.799105666577816e-06,1.864926889538765e-06,1.2694547573725382e-06,7.522990927100181e-07,1.223951888581117e-06,0.0381778257287805,0.2463000068169397,0.6594836632410686,3.137234233133495,29.27781757588188,74.29976266026497,52.31808617735903,35.54015171925227,40.955907888213794,41.62812153249979,29.802787737796702,27.775624113778274,37.27252571682136,39.34277683794498,46.69217154706518,53.642058265954255,60.69887135823568,64.86119306882223,70.47143603066603,72.72831624348959,71.0476368288199,306061.51276041666,260719.92916666667,235079.06341145837,203680.2184895833,183967.108984375,164114.50390625,140653.051953125,122706.2640625,107948.60247395834,95343.471484375,74526.17311197917,57610.73984375,43311.9013671875,30828.081640625,19669.214908854166,14510.044596354166,9604.366927083332,7241.412923177083,4936.037858072917,2685.7577311197915,491.12701822916665,0.00105548898379,-0.0010910789171854,-0.003874393304189,-0.001222546895345,0.002643084526062,0.0031643152236938,-0.0192177136739095,-0.0219153086344401,-0.0345492045084635,-0.0340097427368164,-9.428660074869792e-05,0.0212233861287434,-0.0079138437906901,-0.0455252965291341,-0.0288523991902669,-0.0173707326253255,-0.0084548314412434,-0.0046329180399576
36,985.800625,25.13593292236328,6.557102460647002e-05,4.691828871727921e-05,3.072694016736932e-05,2.2140626242617145e-05,-1.1081989441663609e-06,-6.030997155903606e-06,335.8957214355469,358.9691467285156,356.8723449707031,355.7210998535156,352.4054870605469,349.0007019042969,344.48614501953125,343.31671142578125,336.17596435546875,333.7528686523437,22.501693725585938,19.563560485839844,22.35492515563965,19.430496215820312,2.1919078826904297,297.6725616455078,300.75828552246094,0.0010323207825422,0.3872276544570923,0.3746273517608642,1.1908984184265137,1.8418824765831232e-05,4.80294693261385e-06,-0.0011680126190185,-0.001010906882584,82.93359375,2659294592.0,2821527424.0,2648723968.0,2823548416.0,-3.987510681152344,445.392578125,-9.851952199824154e-05,-1.90313720703125,-229.5810546875,-2.9530029296875,-0.0011076610535383,-826491.75,-10633.75,0.2047665119171142,64.87296113371849,0.0002801865339279,0.0010627713054418,0.0002867528237402,0.0009909984655678,0.0012777657248079,301.5803786057692,3.317269147373736e-06,-1.6456207958981395e-05,-4.516376066021621e-06,-1.0985080734826624e-05,-8.001923561096191e-06,-1.0652263881638646e-05,3.335857763886452e-05,2.628203947097063e-05,5.6526740081608295e-05,6.922439206391573e-05,0.0001096237683668,0.0001406008377671,0.0001777068246155,0.0001860513584688,0.0001592965563759,0.0001330390805378,0.0001261526485905,0.0001237327232956,0.0001175159122794,0.0001009465195238,7.791002281010151e-05,0.0294298641383647,0.2759212303208187,0.587114691734314,3.344766139984131,21.250961270183325,91.3111801147461,98.072265625,97.86984260380268,84.99912343919277,85.83731779456139,85.6774602085352,88.72388464212418,87.59734344482422,81.43773651123047,85.1248779296875,84.41508474946022,83.59618347883224,82.99228702485561,83.87467193603516,82.72370935976505,81.20207977294922,306118.1953125,260652.69921875,235029.09375,203616.578125,183913.28125,163933.7109375,140661.369140625,122704.880859375,107838.03125,95100.068359375,73994.9658203125,56852.828125,42430.5927734375,29909.3779296875,18819.66357421875,13708.046875,8840.69677734375,6491.72900390625,4196.012775421143,1952.808349609375,-229.39990234375,-0.0014728903770446,-0.0035131573677062,-0.0064441561698913,0.0047822594642639,0.0101450681686401,0.0384526252746582,-0.1073458194732666,-0.4061799049377441,-0.592036247253418,-0.7567596435546875,-0.8356590270996094,-0.8488912582397461,-0.7643833160400391,-0.6746816635131836,-0.5359029769897461,-0.2782316207885742,-0.0744624137878418,-0.0331010818481445,2.0138389839831344e-06,4.073614382518823e-06,-9.614718053121917e-08,-1.320216333407122e-06,-4.565873248611616e-06,-3.6655626404090255e-06,332.681669607202,356.00364042416646,352.35172787741504,348.12018510810566,338.9736113726351,331.90763179889854,328.8390310216247,330.33383668606706,326.42450873980385,326.41191947113924,19.907551452703,15.24099995906917,20.043774565905952,15.267663482808471,1.1352524598295988,294.49001872588985,301.3778572557378,8.466852156453113e-05,0.0459131027158365,0.0231495932424711,0.0096287707570182,-1.309659811223691e-06,-3.003128862232589e-07,-0.0004784850658717,6.711203218495697e-05,28.671567038381745,2635432131.452282,2727763204.248963,2611581148.9460583,2728714710.572614,0.108537729350363,1203.2901322614107,-3.942257929516037e-05,0.054698643348029,-98.01329907935684,-0.8124888566519709,3.014616204495252e-05,-352848.3692946058,-2924.286307053942,0.0155754405927855,36.92043815089459,2.5029622667557967e-05,1.3886212807967947e-05,2.351931887543548e-05,1.2017477350116271e-05,3.554084612620817e-05,302.5945412294708,4.570790930241501e-06,-1.319997214047524e-05,-6.418894187554995e-06,-6.006777306334638e-06,-1.2471562800194712e-05,-2.715297365035568e-05,-2.986659717077536e-05,-2.452048581263584e-05,-2.319240822800709e-05,-1.5599977735167224e-05,-7.167417957945978e-06,-2.5482724625539977e-06,-4.194681706579394e-06,-5.891928217408568e-06,-3.70779418660892e-07,2.1966431228080726e-06,3.0558770792983875e-06,2.446333216928348e-06,1.6902799474624183e-06,1.2749274690245198e-06,1.404106933855417e-06,0.0369813343890676,0.241535996848184,0.6775838621424441,3.079464518677644,27.2313333079528,70.53616811328904,52.64215048714792,38.17866384191632,43.08467583488132,41.48747145313445,27.842361563221548,24.994207026552857,36.12733147747784,37.937625739337,42.315287980548575,50.4378705924972,59.453104229141566,64.5184426349723,70.28992037951204,71.47556123397162,69.67189289722205,306077.6174792531,260607.8890041494,234991.4914419087,203624.10995850625,183878.98820020747,163980.07831950206,140528.17557053943,122598.64808091288,107835.7182313278,95223.49572095436,74433.2174209025,57531.16002658195,43243.31279175311,30774.042984958505,19625.130121887967,14473.089130575729,9575.889474196058,7217.844110639264,4917.900498006354,2672.9465960110865,483.1620526452282,0.0001539417322245,0.0005296916387882,-0.0042939104479872,0.0030318790451619,0.0090704018644277,0.0076546025968686,-0.0274332331423937,-0.0346125329678484,-0.0497046783257322,-0.043554982703751,-0.0103706541892403,0.0359213065309643,0.0366044420424338,0.0222024284457764,0.0315900185296149,0.0239671018608378,0.022125687341967,0.0215840794733451
37,988.8975,25.271602630615234,4.015156446257606e-05,4.025115049444139e-05,3.7504927604459226e-05,2.243561357317958e-05,-6.491242402262287e-06,-2.175832833017921e-06,335.0929260253906,358.7137451171875,357.0693664550781,356.4844055175781,351.76190185546875,348.4315490722656,344.62042236328125,342.8897399902344,335.13336181640625,332.26629638671875,21.06365776062012,18.472984313964844,20.742088317871094,18.23583030700684,2.1367204189300537,297.7514877319336,300.66065979003906,0.0011853678151965,0.309651255607605,0.2988045215606689,0.9587631225585938,1.666101161390543e-05,3.067892976105213e-06,-0.0019829124212265,-0.0007299687713384,-111.41015625,2663578368.0,2823319552.0,2653077248.0,2825276800.0,-2.7066383361816406,511.275390625,-0.0001000703196041,-4.276123046875,-191.07452392578125,1.34619140625,-0.0007518138736486,-687871.25,4844.75,0.1463953256607055,63.876747131347656,0.0003171046264469,0.0007963133975863,0.0003292639739811,0.0008665262721478,0.0011957883834838,301.6923577724359,6.92324829287827e-06,-1.9732382497750223e-05,7.930793799459934e-07,-1.1046620784327388e-05,-7.580674719065428e-07,-2.6756475563161075e-05,6.011920049786568e-06,2.5777961127460003e-05,4.546501440927386e-05,6.164307706058025e-05,0.0001172658521682,0.0001402780180796,0.0001678899861872,0.0001863257493823,0.0001580197131261,0.0001345004420727,0.000121030723676,0.0001147442962974,0.0001094178296625,9.894242975860834e-05,7.750710938125849e-05,0.0341572202742099,0.3317974793026224,0.7024096250534058,3.212224245071411,19.73111915588379,86.34772530198097,95.51919569075108,96.30950927734376,83.07293013110757,89.64762842655182,78.69868372380733,86.70730590820312,88.49595654010773,83.07731628417969,85.01676940917969,82.96516418457031,83.02415466308594,83.42973300814629,84.49181365966797,82.93391418457031,81.25532531738281,306368.71875,260670.7421875,235228.7265625,203847.22265625,184147.3515625,164068.576171875,140761.466796875,122816.951171875,107957.236328125,95203.369140625,74085.2119140625,56954.64453125,42539.845703125,30032.0771484375,18960.3408203125,13854.02197265625,8991.42822265625,6644.49755859375,4351.4990701675415,2110.955810546875,-72.8681640625,-0.0038454532623291,0.0035648941993713,-0.0075243115425109,0.0096544623374938,-0.0084035396575927,0.0123119354248046,-0.0603058338165283,-0.3043675422668457,-0.4719057083129883,-0.6513242721557617,-0.5873336791992188,-0.5625295639038086,-0.5446157455444336,-0.6096744537353516,-0.502105712890625,-0.2727193832397461,-0.0814499855041503,-0.0460009574890136,1.6852206651117585e-06,3.521520922302509e-06,-1.5742050123159398e-06,-1.1149744053259628e-06,-2.5882703637979123e-06,-1.656095031632443e-06,331.59379924138386,355.9772736310959,352.2864598353704,347.89414556821185,338.17136356035866,331.60126287142435,328.1680888493856,329.5038203716278,325.47189026673635,325.6320402065913,20.49248004394273,15.756366408802569,20.494261422132453,15.580586178973316,1.1119839014256283,294.01038462320963,301.6339421590169,7.000882178544998e-05,0.0416251103083292,0.0215682983398437,0.0092275301615397,-9.74372960627079e-07,-2.533158597846826e-07,-0.0017373472452163,2.4937714139620464e-05,-481.2388020833333,2633098094.9333334,2723203063.4666667,2607216358.4,2724169958.4,0.0693588256835937,1174.92900390625,-3.83168866392225e-05,-17.142057291666667,-97.71453450520832,-8.361966959635417,1.9262606898943586e-05,-351772.01666666666,-30103.43333333333,0.0141863663991292,36.030351750552654,1.829306905468305e-05,1.5822922190030416e-05,1.94454255203406e-05,1.6573909670114516e-05,3.6026972035566963e-05,302.5881279615169,6.236983851219217e-06,-1.5868156333453952e-05,-6.230303552001715e-06,-3.431811152646939e-06,-1.3159085453177492e-05,-2.468857467950632e-05,-3.090918180532753e-05,-2.7949320307622354e-05,-2.50691082328558e-05,-1.6209747021396954e-05,-7.259286940097809e-06,-2.7743012954791386e-06,-3.557116724550724e-06,-5.237866813937823e-06,1.016072928905487e-07,2.134886259833972e-06,2.2719458987315494e-06,1.470760131875674e-06,4.0153972804546354e-07,-2.149958163499832e-07,9.645397464434304e-08,0.0381148414618413,0.2480628318890619,0.7436490456263224,2.934188761562109,24.270285655061404,65.88637079447508,52.273085668434696,42.05893375659362,44.70306866665681,40.89869629641374,25.529736962914463,24.434113158782324,34.41802682777246,36.62083740234375,40.78679804032048,49.42626391798258,59.2891683054467,64.28984734366337,69.23207728316386,70.37871218373378,68.00805042386055,306271.56692708336,260710.41979166667,235147.540234375,203855.0700520833,184028.148046875,164048.807421875,140573.459375,122651.10364583334,107895.96184895834,95288.822265625,74517.55787760417,57630.3083984375,43345.84798177084,30883.736197916667,19740.439908854165,14590.74345703125,9697.47197265625,7342.089225260416,5044.924544270833,2802.950634765625,615.4021484375,-0.0001434882481892,0.0019860506057739,-0.0045451084772745,-0.0034170667330423,0.0081050992012023,0.0128655831019083,-0.010975694656372,-0.01551087697347,-0.0264364878336588,-0.0155877431233723,0.0016003926595052,0.0257519404093424,0.0258234659830729,0.0272640864054362,0.0282901763916015,0.0271198272705078,0.0295619010925292,0.0322599093119303
38,992.75,23.427955627441406,3.578018367988989e-05,4.2124003812205046e-05,3.082746479776688e-05,-3.0625949420937104e-06,2.960699930554256e-06,1.0805471902131105e-05,335.9628295898437,359.0598449707031,358.06494140625,356.41510009765625,350.8187866210937,348.50128173828125,344.33526611328125,342.88922119140625,334.2945251464844,331.95172119140625,21.01557159423828,18.298933029174805,20.49663352966309,17.74199676513672,2.140052318572998,298.0430908203125,301.0439758300781,0.0006581433117389,0.2659550905227661,0.3348088264465332,0.8195781707763672,6.400165148079395e-06,3.773602657020092e-06,-0.001077577471733,-0.0008161067962646,-81.6796875,2668469888.0,2828398976.0,2658025728.0,2830212096.0,-2.0416793823242188,730.7568359375,-9.407143807038663e-05,-11.34906005859375,-176.66046142578125,0.207763671875,-0.0005671568214893,-635978.25,749.5,0.1421775817871093,63.95089137554169,0.0001494102180004,0.0006377669051289,0.0001828207168728,0.000665133818984,0.0008479515090584,301.8693631329114,5.152658559381962e-06,-2.328996197320521e-05,-1.0978837963193655e-06,-6.96236384101212e-06,-4.490255378186703e-06,-3.0505252652801573e-05,-5.120644345879555e-06,6.777874659746885e-06,3.6559649743139744e-05,6.258743815124035e-05,0.0001281809527426,0.0001414859434589,0.0001638672547414,0.000176572590135,0.000152098131366,0.0001276268158107,0.0001089554280042,0.0001018343027681,9.738642256706952e-05,9.31834802031517e-05,7.833377458155155e-05,0.0401586145162582,0.2137249410152435,0.95552559918724,3.032182455062866,22.725589722394943,79.80386294424534,88.12119288742542,89.4695587605238,84.98200214654207,88.4179458618164,73.65476224571466,88.67421701550484,88.37937957048416,83.0628890991211,82.26660096645355,82.16467241942883,82.74128723144531,83.83140586316586,85.73635876178741,84.9933853149414,82.11164093017578,306636.296875,260678.80859375,235221.9921875,204030.0546875,184328.337890625,164303.5,140933.302734375,122966.09765625,108077.72265625,95303.447265625,74205.8701171875,57080.59765625,42667.6318359375,30164.8515625,19088.1728515625,13981.52490234375,9117.806640625,6769.1123046875,4473.540012359619,2230.742919921875,43.03662109375,-0.0045378804206848,0.0079067647457122,-0.0040664970874786,0.0052920281887054,-0.0115173459053039,0.0174281001091003,-0.0505375862121582,-0.2913131713867187,-0.4427213668823242,-0.5435619354248047,-0.4657201766967773,-0.5394296646118164,-0.607264518737793,-0.6789484024047852,-0.6113729476928711,-0.3680791854858398,-0.1274518966674804,-0.0716443061828613,-6.213907273948383e-07,1.685504520134116e-06,-1.9192663772103305e-06,5.161291867734896e-07,-8.281156285100052e-07,-1.1441026150411464e-06,331.13086168766023,356.2268148342768,352.5163987874985,348.11310284137727,337.9179198026657,331.5867302417755,327.9293863217036,329.2173698425293,325.361178779602,325.65956106980644,20.95658062808216,16.34170889633242,21.033104210098585,16.204290045281716,1.1919000406443956,292.98514760335286,303.9191497802734,4.0164900322755175e-05,0.0345433712005615,0.0219573974609375,0.0097213745117187,-3.795527542630832e-07,-2.626407270630201e-07,0.0001273483037948,1.6377121210098266e-05,158.92916666666667,2631546368.0,2720197990.4,2603759394.133333,2721176635.733333,0.1451431274414062,1084.8260416666667,-3.8824536992857854e-05,-92.43271484375,-97.77819010416668,-76.2197021484375,4.032465318838756e-05,-352001.36666666664,-274390.4166666667,0.011178183555603,35.449363987706604,7.465605934460958e-06,1.2101295093695322e-05,1.1155180012186368e-05,1.318361610174179e-05,2.433763196070989e-05,302.57697678914246,5.6882427694896855e-06,-1.5620768923933307e-05,-7.966632256284357e-06,-2.6207436652233203e-06,-1.3566312069694202e-05,-2.213484549429268e-05,-3.311907251675924e-05,-2.928127457077305e-05,-2.608274420102437e-05,-1.7302642421176038e-05,-7.131090387701988e-06,-3.258286354442437e-06,-2.3456988856196405e-06,-3.409370159109433e-06,1.1891437073548634e-06,3.142794594168663e-06,3.670559575160344e-06,2.784809718529383e-06,1.3047285998860994e-06,3.965416302283605e-07,5.595386028289794e-07,0.0364394118388493,0.2300416727860768,0.8027311922206233,3.21502650671949,24.250248822321492,64.16114244461059,49.06218643734852,43.25749281772102,43.04792031943798,39.30924365123113,24.156113771597543,23.596602996190388,32.451623917619386,35.93275722016891,39.700514473517735,47.713564458489415,56.11266886393229,59.61614831089973,62.73369425932567,61.927026152859135,59.06000832865636,306505.6901041667,260802.22838541667,235228.91875,204039.65221354167,184240.2803385417,164223.93046875,140705.70950520833,122774.6546875,108010.26028645832,95391.45247395831,74618.590625,57732.161393229166,43440.50963541667,30977.187109375,19832.683919270832,14678.759798177083,9778.8263671875,7419.507975260417,5117.587727864583,2869.694189453125,676.355859375,-0.0009370148181915,0.0032307724157969,-0.0029680828253428,-0.0053097188472747,8.619228998819987e-05,-0.0004773656527201,-0.0120456059773763,-0.0073347727457682,-0.0109242757161458,-0.0047773996988932,0.002672004699707,0.0099590937296549,0.0070367813110351,0.0026776631673177,-0.0050970077514648,-0.0193189620971679,-0.025699234008789,-0.0273745536804199
39,992.8675,21.760717391967773,3.291349275968969e-05,5.0622962589841336e-05,2.095824311254546e-05,-1.3965616744826548e-05,1.2386713933665304e-05,6.859003860881785e-06,336.5345458984375,359.6213684082031,358.7460021972656,356.6134033203125,351.6979064941406,348.7321472167969,343.4924011230469,342.5627136230469,335.6705322265625,332.8288879394531,19.23559188842773,16.175949096679688,19.808380126953125,16.648218154907227,2.0638718605041504,298.3781433105469,301.4473114013672,0.0008421689271926,0.3688467741012573,0.3373875617980957,0.6603507995605469,6.46605622023344e-06,3.081164322793484e-06,0.0006651580333709,-0.000800359994173,545.05859375,2669235072.0,2831900416.0,2658939392.0,2833556224.0,-2.97573471069336,799.0927734375,-9.894015965983272e-05,-19.77032470703125,-217.0623779296875,-12.13482666015625,-0.0008265748620033,-781425.0,-43687.5,0.2034704685211181,65.04483032226562,0.0002448847517371,0.0006624273955821,0.0002339358907192,0.0007078256458044,0.0009417627006769,302.2829338304924,1.8112914403900504e-06,-2.051267074421048e-05,-1.266953768208623e-05,-1.4188262866809964e-06,-1.184176653623581e-05,-3.614919842220843e-05,-4.802597686648369e-06,-9.009905625134706e-06,2.921582199633121e-05,7.128575816750526e-05,0.0001234640367329,0.000137283001095,0.0001558441435918,0.0001577206421643,0.0001335121924057,0.0001206495799124,0.0001180474646389,0.0001145489513874,0.0001089816214516,9.912147652357815e-05,7.990864105522633e-05,0.0468601360917091,0.1524648964405059,0.912093201885,3.2638392448425293,26.54778463393449,69.19078734517097,80.02527618408203,89.33848580345511,89.29374683648348,91.82025146484376,80.05728156864643,92.83843214809896,88.07779659330845,83.53965705633163,85.96847534179688,84.36355619132519,83.4408187866211,84.40388488769531,86.12326046824455,85.01517486572266,82.37875361740589,306660.81640625,260832.859375,235034.419921875,204012.8125,184359.408203125,164403.087890625,140980.66796875,122992.552734375,108077.462890625,95296.548828125,74183.447265625,57066.3310546875,42673.7529296875,30177.7470703125,19101.55517578125,13993.77734375,9128.5078125,6779.1201171875,4482.834936141968,2238.638427734375,49.509765625,-0.0042650997638702,0.0037121176719665,0.0104864537715911,-0.0047699809074401,-0.011441171169281,0.0066187977790832,-0.0569772720336914,-0.3032865524291992,-0.4719161987304687,-0.4848709106445312,-0.505824089050293,-0.5892620086669922,-0.6357288360595703,-0.6598043441772461,-0.5568380355834961,-0.3506450653076172,-0.1379427909851074,-0.078320026397705,-1.060149671338236e-06,6.094644672642128e-07,-2.4449036904117378e-06,-3.3256484165203325e-07,4.639199767055476e-07,1.5378762515400278e-07,331.2673852443695,356.6162028630575,352.8446821610133,348.4240346272787,337.75919508139293,331.7617706060409,327.92162710030874,329.3889898935953,325.96151963075005,326.32258543968203,21.40995284592112,17.037856130239863,21.530021621535223,16.956116261845455,1.219120088176472,291.77900848388674,305.3488779703776,3.3908771971861525e-05,0.0327115774154663,0.0271411736806233,0.0091316223144531,-4.037826632459959e-07,-2.0967175563176475e-07,0.0016434590021769,7.390106717745463e-06,669.24609375,2619577642.6666665,2705720738.133333,2588103398.4,2706694331.733333,-0.0007092793782552,1075.9536458333334,-3.5374464156726994e-05,-128.89994303385416,-83.34302571614583,-135.50956217447916,-2.0079314708709722e-07,-300035.18333333335,-487833.9833333333,0.0111944119135538,34.44622048040231,9.958228717247646e-06,5.627113083998362e-06,9.418123712142308e-06,6.178952753543854e-06,1.5598845978577933e-05,302.5477526829984,4.094017397922774e-06,-1.5040618988374867e-05,-1.0570196900516749e-05,-2.7269891385609904e-06,-1.4806544641032817e-05,-2.040314138866961e-05,-3.595277667045593e-05,-3.220419166609645e-05,-2.734539642309149e-05,-1.875705396135648e-05,-6.471931313474973e-06,-2.922645459572474e-06,-7.118796929717064e-07,-1.3122645517190295e-06,2.285853649179141e-06,4.877359606325626e-06,3.850677361090978e-06,2.762209624052048e-06,1.8501731877525648e-06,1.2540258467197418e-06,1.4909465486804644e-06,0.0380055879553159,0.1914399127165476,0.8297099892515689,3.461944103240967,26.07303005258242,63.85399297898015,47.30953826904297,42.378982554127774,40.16351247906375,37.94646445512772,24.131994169950485,24.37594974786043,31.42994519844651,35.20115513900916,38.96580883388718,46.19696140065789,52.16969702790181,53.88403946825613,55.71027443036437,54.79835498680671,52.8416527768597,306603.43046875,260793.46640625,235131.01822916663,203994.0734375,184256.93984375,164258.31575520834,140720.377734375,122769.346875,107987.93020833332,95353.79205729166,74578.8341796875,57694.6259765625,43397.6142578125,30927.046028645836,19769.076725260416,14605.283984375,9693.250911458334,7326.298111979167,5016.277018229167,2761.089078776042,562.889453125,-0.0017952442169189,0.0029962301254272,-0.0006519158681233,-0.0042326013247172,-0.0010048230489095,-0.0071608583132425,-0.0238153139750162,-0.016153335571289,-0.0119656880696614,-0.0074687321980794,0.0030394872029622,-0.0014333089192708,-0.0173094431559244,-0.0341086069742838,-0.0469007492065429,-0.0585833231608072,-0.0651923497517903,-0.0683882395426432
40,992.585625,20.816755294799805,3.926136560039595e-05,4.312647433835082e-05,4.763156539411284e-05,2.2499949409393597e-05,8.756687748245895e-07,-8.165523468051106e-06,336.9847717285156,359.9790954589844,358.3944091796875,356.4268798828125,351.98504638671875,347.8092956542969,343.1255187988281,343.3692626953125,337.3452453613281,334.3486328125,16.182340621948242,12.87094020843506,16.665983200073242,13.479405403137209,1.832039475440979,297.8034744262696,300.8241882324219,0.0008107256144285,0.383091926574707,0.4169318675994873,0.9428462982177734,1.2899108696728945e-05,8.463393896818161e-07,-0.0016724616289138,-0.001171501353383,-708.921875,2669686272.0,2835928960.0,2659583744.0,2837345152.0,-2.4124908447265625,735.3203125,-8.629210060462356e-05,-15.654296875,-244.6710205078125,-16.58404541015625,-0.0006701564416289,-880815.25,-59703.75,0.2068783044815063,66.47526440024376,0.0001985323615372,0.0005536647513508,0.0002252042759209,0.0005645486526191,0.0007897489704191,302.6733287464489,-4.708126652985811e-07,-1.570876338519156e-05,-1.9275175873190165e-05,-3.522582119330764e-06,-1.2581396731548011e-05,-2.9482253012247384e-05,1.3807439245283604e-06,8.504488505423069e-06,4.815112333744764e-05,7.766135968267918e-05,0.000106296269223,0.0001311260275542,0.000149245141074,0.0001446472015231,0.0001075395848602,9.93784051388502e-05,0.0001044301316142,0.0001031353604048,9.484216570854188e-05,8.535641245543957e-05,6.495625711977482e-05,0.0456798151135444,0.141292855143547,0.6056320071220398,3.5829858779907227,26.1933119148016,64.85066445171833,87.01258145272732,88.3364640288055,96.03819260001184,96.23533630371094,86.96212005615234,90.60401154309513,88.67127269506454,86.95616176724434,88.32498167455196,85.51329803466797,84.92012786865234,85.52632147073746,87.81135559082031,86.58084869384766,83.85102844238281,306787.4140625,261074.2890625,235058.498046875,203952.720703125,184328.552734375,164374.8046875,140961.1953125,122954.302734375,108035.392578125,95271.5859375,74162.919921875,57054.609375,42670.2236328125,30177.294921875,19095.40625,13981.396484375,9111.77685546875,6761.99658203125,4466.513649940491,2223.517578125,35.619140625,0.0014483034610748,-0.0027704536914825,0.0146394073963165,0.0143000483512878,-0.0115668773651123,0.0166984796524047,-0.0176260471343994,-0.259099006652832,-0.4874000549316406,-0.6874608993530273,-0.8360481262207031,-0.7514944076538086,-0.7372980117797852,-0.7281255722045898,-0.4477787017822265,-0.2325201034545898,-0.0810894966125488,-0.0549278259277343,-1.357001535384208e-06,1.076519184406663e-06,-3.108882927258214e-07,-2.758045364454248e-06,-6.749097024763102e-07,1.7004466136382415e-06,330.76046088919105,357.3187349089943,353.5276816039659,349.24981436195213,337.79509461272306,331.8033505989803,327.8157127427857,329.8560123918462,326.4917184426082,326.36102337659145,21.136238823231324,17.248364408635748,21.12756343136437,17.108841901795778,1.1312604972443454,290.0073638536129,305.85689535180563,3.489851951599121e-05,0.0339875913754538,0.0220574185066698,0.0105509777781379,-8.63769806581414e-07,-1.3994570836981302e-07,0.0005401439686533,4.863609169528692e-05,317.47507131742736,2608148149.6431537,2690395040.39834,2573246358.8381743,2691350110.539419,0.0422859033608337,977.081885373444,-2.6633606497121057e-05,-70.66499448910788,-70.6897205653527,-93.08704575661308,1.1746134006136183e-05,-254483.4190871369,-335113.1203319502,0.0141360888342639,32.88834123789522,7.645254065881627e-06,7.020425499722176e-06,9.693823662041627e-06,5.453732251131683e-06,1.5140136247848574e-05,302.5232395187012,1.5314778552634094e-06,-1.3236849712733474e-05,-1.1658742328278753e-05,-2.8022008472705777e-06,-1.4279519376360436e-05,-2.041394119218564e-05,-3.875101360017086e-05,-3.812868917105851e-05,-3.015772145844347e-05,-2.0411979461173796e-05,-5.942636026510064e-06,-2.0677187089727134e-06,3.774126767493877e-07,1.1764710220311194e-06,3.010981341367935e-06,5.129451334043657e-06,4.737285309745563e-06,3.772340444422856e-06,3.1102019752456933e-06,2.096353013733116e-06,2.2855535134116644e-06,0.0430611283267187,0.1680316988231915,0.7438639197112119,3.3955159522438443,24.21725735958681,66.11208052358192,50.759625241222224,39.93921933987824,41.297853102683405,36.4005705014304,24.58739114129197,25.29441581474795,29.87576788515471,34.078659091253,37.21055805386349,42.50510245190616,47.71264218220572,49.83813495358986,51.85427732264847,51.065431574815534,49.88592748795308,306828.47432572616,260966.66026970957,235204.3677385892,204006.5418827801,184245.03125,164269.73547717842,140761.7903267635,122785.79849585064,107971.5614626556,95311.1453578838,74514.65618516598,57635.568172977175,43339.36623119813,30858.589098158714,19681.641516467844,14507.55880446058,9585.372122990146,7214.676575466805,4901.984152133039,2644.980738216416,446.9028624221992,-0.0016105454492371,0.0026650045422597,0.0046863476765106,0.0016381253345378,0.0053367107735629,2.5230324614592114e-05,-0.0231471833351736,-0.0148265332107227,-0.017569276801778,-0.0140832845600808,0.0248609835676137,0.0136933188220772,0.003340721130371,-0.0188576749746235,-0.0426761579711407,-0.0560909287068853,-0.0617227396035095,-0.0666993525018335
41,993.08,18.974573135375977,1.90001283044694e-05,3.1436320568900555e-05,3.879176074406132e-05,2.873891935450956e-05,1.1926760635105891e-05,-6.440199285862036e-06,337.657958984375,359.1961364746094,357.8319702148437,356.55206298828125,351.7471008300781,347.0884704589844,342.9757080078125,344.1357421875,337.8857421875,334.8839416503906,17.944459915161133,14.50895881652832,18.086071014404297,14.811314582824709,1.8682126998901367,297.95645904541016,300.6178970336914,0.0004219794645905,0.3054573535919189,0.2750887870788574,0.7058267593383789,1.431570854038e-05,2.8188806027174e-06,-8.663535118103027e-05,-0.000972207635641,-84.27734375,2674099456.0,2840129024.0,2665502976.0,2841517184.0,-1.6485939025878906,702.7119140625,-8.351498399861157e-05,-14.508056640625,-226.6318359375,-13.4736328125,-0.0004579285159707,-815871.75,-48503.0,0.1687471866607666,66.39131164550781,0.0001348122023046,0.0005028089508414,0.0001172178890556,0.0005280072800815,0.0006452118977904,302.57607526320186,-3.985784132964909e-06,-1.1233380064368248e-05,-1.387554220855236e-05,-5.047462764196098e-06,-1.443253131583333e-05,-1.685114693827927e-05,-1.2607211829163134e-05,-3.803870640695095e-06,3.798073157668114e-05,6.101152393966913e-05,0.0001085051335394,0.000140912248753,0.0001440072664991,0.0001509798457846,0.0001242076978087,0.0001136342762038,0.0001127067953348,0.0001090330770239,9.961705654859544e-05,9.002001024782658e-05,6.788305472582579e-05,0.0428944267332553,0.1709411293268203,0.5225685238838196,2.783241271972656,31.764720916748047,59.9044164121151,86.29401397705078,89.10213470458984,90.51510630548,94.02873992919922,87.18200635910034,87.76791389286518,83.57650811970234,84.99308736622334,86.61727905273438,85.07968139648438,86.24358367919922,87.44106301665306,89.55097198486328,87.90948486328125,85.41207885742188,306792.296875,261337.5390625,235417.841796875,203976.361328125,184335.205078125,164426.2421875,140921.498046875,122948.80078125,108057.587890625,95297.3515625,74187.9775390625,57094.9931640625,42705.38671875,30194.361328125,19092.3349609375,13972.068359375,9098.3154296875,6747.55615234375,4451.8681640625,2208.572021484375,19.4091796875,0.0002294927835464,-0.0095910429954528,0.0037755966186523,0.0088271796703338,-0.0150951743125915,0.0029109716415405,0.0250463485717773,-0.1396727561950683,-0.2834515571594238,-0.4616031646728515,-0.691746711730957,-0.6523952484130859,-0.6163358688354492,-0.6914892196655273,-0.4546594619750976,-0.2516460418701172,-0.1009707450866699,-0.0605812072753906,3.9071508709451205e-07,1.4443138465980848e-06,-1.8146459411857072e-06,-5.128344805393487e-06,-1.5920198896563855e-06,2.02451679801365e-06,330.12331732114154,357.2345956961314,353.48992501894634,349.2875321229299,337.62736636797587,331.3205090443293,327.9189022620519,329.5333440065384,325.9649458964666,325.78527731895446,21.534938950277866,17.952840731712058,21.57997814840637,17.784586868512754,1.0639779925491897,290.29466501871747,304.3630559285482,1.9280053675174712e-05,0.0258240699768066,0.0196982781092325,0.0089277267456054,-7.181195542216301e-07,-1.804282267888387e-07,-0.0008702288071314,5.536998311678568e-05,-172.70755208333333,2608194816.0,2689839726.9333334,2573283737.6,2690815360.0,0.1509363810221354,1089.24375,-2.5185083116715157e-05,2.075630696614583,-62.32986653645833,-3.3021565755208333,4.193093627691269e-05,-224387.9,-11888.066666666668,0.0086394945780436,32.64778113762538,4.615231106678645e-06,6.671994924545288e-06,5.355523899197578e-06,6.5425721307595575e-06,1.1898111552000046e-05,302.53530552299134,-4.489074732797841e-06,-1.1248836138596135e-05,-1.0491154777506988e-05,-4.225487161117295e-06,-1.2251758016645909e-05,-2.1614076104015112e-05,-4.093602668338766e-05,-4.043158842250705e-05,-3.043791512027383e-05,-1.887174633642038e-05,-5.41006059696277e-06,-3.84748758127292e-06,-3.102623547116915e-07,6.887673710783322e-07,2.769039322932561e-06,4.970685889323553e-06,5.170501147707304e-06,4.704296588897705e-06,4.120465988914172e-06,2.8077202538649243e-06,2.5111095358928044e-06,0.0451664603635435,0.1726201048120856,0.6433906644737969,3.2663345336914062,22.997377549360195,65.45990849783023,53.100250671058895,38.98197068000833,41.384658824497215,37.05484871516625,23.79314938386281,23.26005495985349,29.97667244921128,33.43580483223001,36.788223477701344,42.47660704702139,48.50224579498172,51.125751148660974,54.36176625688871,54.594671630859374,53.89592229872942,306815.77265625,261202.9125,235362.85690104167,204039.62916666668,184256.367578125,164251.83528645834,140750.2203125,122782.78658854168,107974.174609375,95318.46940104169,74509.16647135417,57629.40377604167,43334.3462890625,30854.18020833333,19680.874869791667,14509.56416015625,9591.7099609375,7224.012369791667,4914.792350260416,2661.5517415364584,466.86761067708335,-0.0003259122371673,-0.0007944464683532,0.0027001996835072,-0.0004087805747985,0.0051777203877766,0.0080087900161743,-0.020510450998942,-0.0122373898824056,-0.0148022333780924,-0.0004685084025065,0.0500253677368164,0.0402434031168619,0.0188232421875,-0.0044593175252278,-0.016681162516276,-0.0237409591674804,-0.0249244054158528,-0.0285367647806803
42,994.87375,18.811260223388672,1.5315825294237584e-05,2.094647425110452e-05,3.674194886116311e-05,2.7629990654531863e-05,9.820921150094364e-06,4.5980505092302337e-07,337.6146850585937,358.7359619140625,357.9890441894531,356.611572265625,351.87652587890625,346.3385009765625,343.38037109375,344.13165283203125,337.41473388671875,334.9023742675781,17.405654907226562,14.417821884155272,17.92237091064453,14.794612884521484,1.9369287490844729,298.34552001953125,300.79498291015625,0.0005630580708384,0.2898176908493042,0.2125546932220459,0.5672273635864258,1.3239681720733644e-05,3.771740011870861e-06,0.0007598400115966,-0.0009286887943744,382.5546875,2677800576.0,2842866688.0,2669351936.0,2844178048.0,-2.25271224975586,693.83837890625,-8.774813613854349e-05,-15.5966796875,-203.8465576171875,-14.14727783203125,-0.0006257500499486,-733841.0,-50929.0,0.1501790285110473,66.00554808974266,0.0001875930465757,0.0004803980700671,0.0001564072445034,0.0005173464305698,0.0006737541407346,302.71935649671053,-7.601280231028795e-06,-1.3052253052592278e-05,-1.444928057026118e-05,1.5570549294352531e-06,-1.811663969419897e-05,-1.9497732864692807e-05,-2.5228364393115044e-05,-1.0323245078325272e-05,2.6765454094856977e-05,5.459180101752281e-05,0.0001045702956616,0.0001377372536808,0.0001380651374347,0.000147110200487,0.0001218464458361,0.0001148795709013,0.0001191251212731,0.0001166261499747,0.0001059049973264,9.200372733175756e-05,6.801739800721407e-05,0.042821642011404,0.2053042199113406,0.5656202435493469,2.697476863861084,33.61726760864258,61.30087007582188,82.40370178222656,88.43804985284805,82.43811049312353,88.55729672312737,86.73439030349255,84.80683135986328,85.46258589625359,82.03689575195312,82.93426550924778,82.79850052297115,84.73685455322266,86.58152770996094,89.19682314991951,88.58521270751953,85.4752426147461,306701.74609375,261353.11328125,235555.537109375,204126.404296875,184408.28125,164527.853515625,141036.171875,123069.751953125,108184.251953125,95410.658203125,74287.9599609375,57197.7265625,42808.796875,30291.3046875,19180.0751953125,14054.353515625,9176.47265625,6824.52734375,4528.0361328125,2284.3037109375,93.86767578125,-0.0011064559221267,0.0011608600616455,0.0017469525337219,-0.0103219151496887,0.0062361359596252,-0.0088098049163818,-0.0678961277008056,-0.1843957901000976,-0.3110432624816894,-0.4865083694458008,-0.6700706481933594,-0.6809673309326172,-0.6863107681274414,-0.7042379379272461,-0.447519302368164,-0.2637796401977539,-0.1111378669738769,-0.0621461868286132,1.9706898690906537e-06,1.0799915994952336e-06,-2.590965728288194e-06,-6.018309700644061e-06,-1.3693168105853118e-06,1.448005414637447e-07,329.30785783926643,356.9994779030482,353.2844394842784,349.12317261695864,337.4237022717794,330.76379369894664,327.6403231143952,328.67182194391887,325.23031788667043,324.8552523056666,22.06401226138696,18.435333967007075,21.891218942570656,18.09288811884665,1.0150055573220016,290.44354654947915,302.7085764567057,1.3481204708417256e-05,0.0163705587387084,0.0155437310536702,0.0054800033569335,-6.238464266061783e-07,-2.400095884998639e-07,-8.792678515116374e-06,6.111152470111847e-05,128.1671875,2605550267.733333,2684793395.2,2568823296.0,2685782468.266667,0.2045143127441406,1081.8737630208334,-2.4235225282609463e-05,5.315384928385416,-56.4031494140625,5.912841796875,5.680639296770096e-05,-203051.53333333333,21285.816666666666,0.0063418308893839,31.68711094173292,3.3496879041194914e-06,2.979735533396403e-06,3.7436063090960175e-06,2.985168248414993e-06,6.730637202660242e-06,302.5226697139507,-7.5991381891071795e-06,-1.0650884360074996e-05,-7.944085518829525e-06,-5.57718255246679e-06,-1.0458744751910369e-05,-2.2396495720992484e-05,-4.09878712768356e-05,-4.280672098199527e-05,-2.976330773284038e-05,-1.561106958736976e-05,-3.181137920667728e-06,-2.9505152876178424e-06,-8.843179481724898e-07,2.216858168443044e-07,3.053077186147372e-06,5.032719733814398e-06,4.919478669762611e-06,4.033845228453477e-06,3.3454038202762603e-06,2.098952730496724e-06,1.822815587123235e-06,0.0431586069404147,0.18983842007583,0.6046562931500375,3.29597438176473,22.982454681396483,65.04027398824692,53.66791178273658,37.83714484671752,40.16305138419072,36.24831530600786,22.659067340691884,20.784081522623698,28.60620637536049,31.93909404327472,36.11844302639365,41.980545132855575,49.28779515872399,52.22367228219907,55.82313933173816,57.60361945182085,57.24195649822553,306725.9791666667,261293.9453125,235473.29140625,204103.84192708333,184340.59453125,164298.58059895833,140790.10872395834,122835.71223958331,108036.25611979168,95385.27747395834,74571.35319010417,57698.38274739583,43406.88138020833,30932.27421875,19768.210546875,14602.737565104168,9693.492708333331,7330.9169921875,5027.186393229166,2780.1043294270835,590.8496744791667,0.0008164922396341,0.0003738482793172,0.0005661567052205,-0.0012866775194803,0.0001067996025085,0.0040445168813069,-0.0196752071380615,-0.015678850809733,-0.0169300079345703,0.0053576787312825,0.0462060292561848,0.0458138783772786,0.0353736241658528,0.0024747212727864,-0.0138697942097981,-0.0027567545572916,0.0053570429484049,0.0051850318908691
43,993.748125,17.8369083404541,3.5077879147138447e-05,1.6010480976547115e-05,3.336479494464584e-05,1.6370631783502176e-05,1.627590427233372e-05,4.52907715953188e-06,338.94512939453125,359.154541015625,357.3594970703125,356.101806640625,351.527587890625,345.880126953125,342.9044189453125,342.6949768066406,336.4729919433594,335.1416320800781,18.005779266357422,14.869604110717772,17.94818878173828,14.416654586791992,1.9043982028961184,298.51708984375,300.91770935058594,0.0017711604014039,0.3380869626998901,0.2509212493896484,0.5386066436767578,8.950941264629364e-06,2.662418410181999e-06,0.0014194846153259,-0.0010809544473886,548.4375,2676819328.0,2840994176.0,2669768576.0,2842302080.0,-3.782184600830078,890.26171875,-7.61547707952559e-05,-15.13214111328125,-199.62713623046875,-13.85455322265625,-0.0010506026446819,-718658.75,-49877.5,0.1586217880249023,65.64899297058582,0.0005360064096748,0.0006431760266423,0.0004919907078146,0.0005660564638674,0.0010580560192465,302.7246419270833,-2.4896435206756e-06,-2.070696791633964e-05,-1.4836186892352998e-05,5.05358912050724e-07,-1.8115402781404555e-05,-2.92573677143082e-05,-3.697845386341214e-05,-1.824437640607357e-05,1.790729584172368e-05,3.92046058550477e-05,9.289034642279148e-05,0.0001276936382055,0.0001311635132879,0.0001529461005702,0.000136089627631,0.0001279162243008,0.0001225431915372,0.000117783085443,0.0001081264344975,9.074073750525712e-05,6.373238284140825e-05,0.0448407717049121,0.2121990459854714,0.490001916885376,3.685138050466776,28.575354032218456,65.0674057006836,88.3502501770854,85.3555982336402,81.65953151881695,87.99314114823937,84.47848510742188,83.97640216350555,85.21707147359848,80.88539123535156,80.65075743198395,83.98077392578125,87.54656982421875,88.9227066040039,91.59105682373048,90.15705873072147,86.8375015258789,306443.52734375,261127.74609375,235285.341796875,203886.912109375,184209.20703125,164306.70703125,140901.96484375,122918.107421875,108033.802734375,95277.7421875,74160.3876953125,57074.0400390625,42690.8935546875,30184.8828125,19084.2158203125,13959.7939453125,9083.3720703125,6730.486328125,4432.574244499207,2186.903076171875,-5.7001953125,-0.0010426044464111,0.0011610686779022,0.0011714696884155,-0.0056942105293273,0.0124054551124572,-0.0012198090553283,-0.1533846855163574,-0.3338575363159179,-0.4274873733520508,-0.5589265823364258,-0.7297239303588867,-0.8053827285766602,-0.7999448776245117,-0.7468099594116211,-0.5484027862548828,-0.3246726989746094,-0.1107544898986816,-0.0277161598205566,2.075228466031041e-06,6.523242713084761e-07,-1.1292327714460445e-06,-4.382986019397378e-06,-8.30565031180915e-07,-5.721664220485524e-07,328.71784080664315,356.68090020020804,352.9832272291184,348.9481592257817,337.3200179338455,330.1851996421814,327.1944854180018,327.6592617034912,324.4233400742213,324.1088676373164,22.70716158524156,18.696666847503124,22.69646505434066,18.37804918823337,0.9808195825001652,290.21485799153646,301.1041219075521,1.6797706484794618e-05,0.0138037125269571,0.0148224035898844,0.0049065907796223,-4.640935609738032e-07,-2.005603164434433e-07,0.0010394652684529,6.93901131550471e-05,504.1911458333333,2596377412.266667,2673363054.9333334,2558183424.0,2674371643.733333,0.2205851236979166,1085.1765950520833,-2.472051807368795e-05,4.783711751302083,-61.83243408203125,4.682564290364583,6.127003580331802e-05,-222596.15,16857.666666666668,0.0036440292994181,30.78421934271852,5.044881254434585e-06,7.376447319984436e-06,4.6656467020511626e-06,6.89771647254626e-06,1.156320795416832e-05,302.5393237553363,-7.307175352859e-06,-9.59488097578287e-06,-7.870134625894328e-06,-4.572205943986773e-06,-1.1247141325535871e-05,-2.3213741951622068e-05,-4.034125013276935e-05,-4.207214806228876e-05,-2.888034408291181e-05,-1.2518748796234529e-05,8.403634031613669e-08,-1.4334373796979586e-06,-1.5443462568024795e-06,-1.517341782649358e-06,2.6650416354338327e-06,5.853967741131782e-06,5.539529956877231e-06,3.979067939023177e-06,3.0132864291469257e-06,2.137796642879645e-06,2.1863185490171117e-06,0.0437075522204395,0.1881567895839301,0.6215815067291259,3.346137571024398,23.150020883480707,66.29061501026153,56.11796530584494,38.165320213139054,37.39732329929248,34.715730860581,22.64952234600981,18.801696738104024,27.36316708077987,30.729233993838232,35.68678121666114,42.538297858337565,51.07606587087115,54.00338592529297,57.62089080810547,60.02757317299644,59.78280640045802,306442.7265625,261044.78359375,235239.71796875,203893.96276041667,184143.62330729168,164111.290625,140610.67018229168,122668.34153645832,107881.15807291666,95236.1140625,74420.9310546875,57560.52044270833,43278.7685546875,30814.45364583333,19664.43046875,14506.499934895834,9607.836848958334,7251.275651041667,4953.5423828125,2712.4998860677083,528.973828125,0.0008836309115091,0.0007817725340525,-0.001310388247172,-0.0014046947161356,-0.000864839553833,0.0006752928098042,-0.0151641845703125,-0.0098335266113281,-0.0126617431640625,0.0035080591837565,0.0288146336873372,0.0285617192586263,0.0308721542358398,0.002955945332845,0.0008164723714192,0.0182737986246744,0.0223955472310384,0.0219395319620768
44,994.25875,17.23050880432129,2.2863065169076435e-05,4.153972986387089e-05,4.855176302953623e-05,3.072391336900182e-05,1.820513170969207e-05,7.429207471432164e-08,337.0263366699219,357.89422607421875,356.4083557128906,355.4686279296875,351.62939453125,345.891845703125,343.33013916015625,342.8134460449219,336.580810546875,333.7813415527344,15.596097946166992,14.624555587768556,15.755149841308594,14.901724815368652,1.7380141019821167,298.2728805541992,300.6427536010742,0.0021693548187613,0.3589037656784057,0.3402228355407715,0.8985414505004883,1.8914055544883013e-05,4.905276000499725e-06,0.0017414391040802,-0.0010242778807878,930.91015625,2679746048.0,2844057088.0,2674475520.0,2845217920.0,-3.9188766479492174,694.3935546875,-7.190578617155552e-05,-13.24456787109375,-195.321044921875,-17.3145751953125,-0.0010885624215006,-703155.0,-62330.5,0.161478042602539,65.70352172851562,0.0006121061742305,0.0005003414116799,0.0006025992333889,0.0004815538413822,0.0010841591283679,301.41342922152603,-1.7761049093678594e-06,-1.992995385080576e-05,-1.625542063266039e-05,-3.271852619946003e-07,-1.4486999134533107e-05,-3.537442535161972e-05,-3.7693476770073175e-05,-6.705347914248705e-06,2.056831726804376e-05,3.09281749650836e-05,6.648374255746603e-05,0.00011728098616,0.000134490430355,0.0001523937098681,0.0001243798760697,0.0001182274427264,0.0001106747658923,0.0001053850864991,9.695475455373526e-05,7.753691170364618e-05,5.918298847973347e-05,0.0503713935613632,0.1781475245952606,0.6103857755661011,3.7077884674072266,21.23613929748535,66.43433202803135,87.42399597167969,94.2096328921616,91.57078552246094,87.5173490922898,80.91337518393993,80.17366713285446,84.68186241388321,84.73837280273438,85.76724243164062,86.04768371582031,85.87531280517578,87.4385834634304,89.974853515625,88.62268835306168,84.94937905669212,306250.44921875,260994.85546875,235154.291015625,203851.515625,184103.78515625,164131.1015625,140744.017578125,122788.390625,107956.45703125,95230.69921875,74120.1943359375,57022.9248046875,42633.177734375,30139.68359375,19056.255859375,13943.7060546875,9077.93359375,6728.5732421875,4432.6875,2187.248046875,-6.40625,0.0017374753952026,0.0025486946105957,-0.0002855062484741,0.0009799599647521,0.0077964067459106,0.0118123888969421,0.0219264030456542,-0.2137622833251953,-0.4140968322753906,-0.6249198913574219,-0.8635969161987305,-0.9205360412597656,-0.8634052276611328,-0.7557697296142578,-0.4800090789794922,-0.2776737213134765,-0.0796847343444824,-0.008056640625,5.643575787980753e-06,-8.30208431545161e-07,-1.028455811071897e-06,-3.544684711509945e-06,1.756316282255921e-07,-8.516760728290625e-07,327.4869127194087,356.66569946606955,352.86547838846843,348.94252592722574,337.62902577718097,330.25407378673555,326.91465888818107,327.0277637322744,323.41330185731255,322.9087845722834,22.537439386484525,18.314361359900797,22.575190688972363,18.096318634133787,0.9244992196225212,289.7356923421224,299.8187596638997,1.6946035126845043e-05,0.0211902777353922,0.0199677149454752,0.0099340438842773,-1.1084872918824356e-06,-3.22206566731135e-07,-0.0006575306256612,5.344624320665995e-05,-55.46796875,2590117666.133333,2665011387.733333,2550886528.0,2666035498.6666665,0.2103917439778646,883.86826171875,-2.591744220505158e-05,3.086686197916667,-66.27613525390625,4.713517252604166,5.843968441088994e-05,-238594.0833333333,16967.55,0.0037481705347696,29.947706784897797,4.872183005015055e-06,6.022676825523377e-06,4.706640417377154e-06,6.495323032140732e-06,1.1204897115627924e-05,302.5712790457077,-5.362661128553251e-06,-8.297913397351902e-06,-1.027105802980562e-05,-1.9608763977885245e-06,-1.271561971710374e-05,-2.382071300720175e-05,-4.1286802540222806e-05,-4.214229993522167e-05,-2.80495616607368e-05,-1.2714733990530172e-05,1.4618621207773685e-06,3.111083060503006e-07,4.656923313935598e-07,-6.023716802398363e-07,3.5120795170466105e-06,5.359528586268425e-06,4.199116180340449e-06,2.953053141633669e-06,2.5546100611488026e-06,2.459017559885978e-06,2.1524339293440183e-06,0.0401799211899439,0.2015779038270314,0.6399674812952677,3.289243952433268,22.616299951076503,64.24001320203145,58.5424560546875,39.15873554994663,37.80496588548024,35.829733232852114,22.381839190920196,18.151644433289768,26.019712268110982,30.5752361168464,35.87607851897677,42.813842967897656,51.99460193999112,55.06909622854243,59.20461847893894,61.91059586939712,61.28631642858188,306352.2322916667,260928.34140625,235153.07838541668,203835.22265625,184073.93111979167,164024.50169270832,140526.362109375,122574.83763020832,107791.43177083334,95151.1734375,74320.56946614584,57451.9607421875,43166.83033854167,30707.597786458333,19575.953059895837,14429.435481770834,9543.5607421875,7193.630208333333,4902.425846354166,2667.7296875,489.5319661458333,0.0003449261188507,9.2315673828125e-05,-0.0004056970278422,-0.0009309331576029,0.005245041847229,0.0063413023948669,-0.0157803376515706,-0.0194916725158691,-0.016725730895996,-0.0018171946207682,0.0068227767944335,0.0080991109212239,0.0094285329182942,0.0069224675496419,0.0198986689249674,0.0475134531656901,0.0568030039469401,0.0603401184082031
45,993.61125,16.58564567565918,1.382122491122573e-06,3.8042217056499794e-05,5.097572284284979e-05,2.355331707803998e-05,1.8417673345538788e-05,1.0491205102880484e-05,336.764404296875,358.0144348144531,357.0537109375,355.5796203613281,350.9752197265625,346.3840026855469,342.70172119140625,339.7333374023437,334.7118225097656,333.5985107421875,18.718599319458008,18.52277565002441,18.21339225769043,18.150421142578125,1.8242313861846924,298.21973419189453,300.70204162597656,0.002079751342535,0.326994776725769,0.2978127002716064,0.7879481315612793,1.118337968364358e-05,3.953464329242706e-06,0.0010101348161697,-0.0010252390056848,517.0390625,2682299648.0,2843017216.0,2677593088.0,2844245120.0,-3.4455299377441406,737.828125,-7.499704952351749e-05,-14.32977294921875,-189.66168212890625,-19.6767578125,-0.0009570801630616,-682784.25,-70840.0,0.1275666952133178,64.26763153076172,0.0005828188732266,0.0003796387463808,0.0005777126643806,0.0003796913661062,0.0009573912248015,301.4867534834085,-9.029055945575236e-06,-1.6916616004891694e-05,-1.6573467291891575e-05,1.7675338312983513e-06,-9.605384548194706e-06,-3.612744330894202e-05,-5.202606553211808e-05,-2.207350917160511e-05,7.638009265065193e-07,2.1426822058856487e-05,7.315253606066108e-05,0.000111709057819,0.0001313409302383,0.0001541044330224,0.0001405155053362,0.0001303486060351,0.0001184158027172,0.0001103038666769,9.79775795713067e-05,7.920328062027693e-05,6.181956268846989e-05,0.0389272905886173,0.2132761478424072,0.5692743062973022,3.473872423171997,21.17139434814453,65.01911163330078,78.9976577758789,97.4311065673828,92.0166394263506,83.72074830159545,77.00031924247742,83.87908113002777,87.68740050494671,79.45403283834457,81.46425577998161,85.60173034667969,87.47244256734848,88.71276864409447,89.90237417817116,88.40491485595703,84.74739061295986,306416.66015625,261113.546875,235305.810546875,203961.8125,184234.267578125,164234.89453125,140802.3359375,122821.0703125,107975.75,95232.390625,74121.0400390625,57021.3857421875,42641.6015625,30170.2607421875,19105.6640625,13994.6630859375,9130.2138671875,6782.49951171875,4487.435546875,2241.98828125,48.890625,0.002277672290802,-0.0051187872886657,0.0011715292930603,0.0028615593910217,-0.0074109435081481,-0.0020290613174438,0.0524764060974121,-0.1098775863647461,-0.3284149169921875,-0.5275735855102539,-0.7110996246337891,-0.8597116470336914,-0.8260021209716797,-0.761631965637207,-0.5813236236572266,-0.3172903060913086,-0.0869269371032714,0.01548433303833,6.152833480055122e-06,-9.70872419057504e-07,-2.5643587837353987e-06,-1.957183770156153e-06,1.0755996325891026e-06,-1.258906582748039e-06,326.2580785036087,356.4490958531697,352.7449515581131,348.69561973412834,337.7014268716176,329.9333578824997,326.3499903599421,326.1629473686218,322.471995250384,321.8882522265116,23.44103797438244,18.783136620151343,23.49564536369095,18.64368577474573,0.9409931618911892,289.2760981241862,300.627582804362,2.1359138190746308e-05,0.0193613052368164,0.0223443349202473,0.0090708096822102,-5.787742945055167e-07,-3.183881441752116e-07,-0.0008777201175689,4.840083420276642e-05,-168.7671875,2588464435.2,2661928951.4666667,2548200925.866667,2662978065.0666666,0.209674072265625,862.5107747395833,-2.891203039325774e-05,-21.36786295572917,-72.10034993489583,-9.221232096354166,5.824149896701177e-05,-259561.1833333333,-33195.98333333333,0.0048307339350382,29.376387744024395,5.817568550507228e-06,8.098346491654713e-06,5.9337510416905085e-06,9.45311039686203e-06,1.537846401333809e-05,302.60642011975256,-5.920270147422949e-06,-8.369342928441863e-06,-1.0157593836386998e-05,2.2966802741090458e-07,-1.3573827648845812e-05,-2.3973134617942077e-05,-4.098875991379221e-05,-4.167549777776003e-05,-2.6885497694214184e-05,-1.0232662316411731e-05,2.132418255011241e-07,9.79301209251086e-07,2.3625170191129047e-06,8.756915728251139e-07,2.5054051851232846e-06,4.257952483991782e-06,3.2471337666114173e-06,2.7552402267853418e-06,2.5033562754591307e-06,2.29512806981802e-06,2.390006557106972e-06,0.0380260047813256,0.200652551651001,0.631938083966573,3.3282882904013,19.48634314388037,58.57217363243301,59.72446064539254,40.198010074657695,36.13298222621282,33.85959320648884,22.900256991386414,19.083705285439887,26.04001822670301,29.511719129482906,35.325512943742794,42.59587226063013,51.30467536275585,54.16867268582185,58.28482170303663,60.11846974690755,58.66854305317005,306503.27760416665,261069.7653645833,235292.7450520833,203955.768359375,184147.2606770833,164019.35690104167,140508.19557291668,122568.10416666669,107790.7015625,95155.53203125,74323.7908203125,57467.91067708333,43198.70325520833,30755.0369140625,19636.80006510417,14497.7392578125,9619.1673828125,7272.390852864583,4984.1486328125,2752.220247395833,575.6647135416666,0.0009590943654378,-0.0008732398351033,-0.000757086277008,-0.0005748550097147,0.0063982129096984,0.0086068312327067,-0.0046978950500488,-0.0143097559611002,-0.0040767033894856,0.0100166320800781,0.0046085993448893,0.0123994827270507,0.0077767690022786,0.0076161702473958,0.0184165954589843,0.0411999384562174,0.0524040540059407,0.0560786565144856
46,992.009375,18.45486259460449,2.246292933705263e-05,3.854375972878188e-05,2.1476949768839404e-05,8.65289166540606e-06,1.161416821560124e-05,5.027149200032e-06,336.16131591796875,359.05645751953125,357.4774780273437,355.0243835449219,350.84051513671875,345.6353454589844,342.4858703613281,339.9747314453125,333.6434936523437,333.364501953125,19.22492408752441,18.75128173828125,18.63362693786621,18.11000061035156,1.93091094493866,298.20672607421875,301.1566848754883,0.0022202571853995,0.3546737432479858,0.245902419090271,0.5357265472412109,1.0473188012838364e-05,2.9552029445767403e-06,0.0013947635889053,-0.0007564639672636,888.765625,2682887680.0,2841150848.0,2678178304.0,2842430464.0,-3.18032455444336,718.55224609375,-9.061230230145156e-05,-21.1783447265625,-201.04931640625,-25.01593017578125,-0.0008834162726998,-723776.5,-90056.75,0.1305035352706909,63.2855469584465,0.0005742590874433,0.000394276343286,0.0006167364772409,0.0003816946409642,0.000998425297439,301.4867534834085,-1.298192364629358e-05,-1.7840589862316847e-05,-1.483189407736063e-05,2.0902371034026146e-06,-7.399765308946371e-06,-3.763652057386935e-05,-5.174352554604411e-05,-1.5194877050817013e-05,6.763089913874865e-06,3.331148764118552e-05,7.87004828453064e-05,0.0001048669219017,0.0001286367187276,0.0001489985734224,0.0001425951486453,0.0001369512174278,0.0001285874750465,0.0001161202089861,0.0001022218493744,8.629483636468649e-05,6.738572847098112e-05,0.0325989387929439,0.2256574489874765,0.6134515404701233,3.2511556148529053,24.92414093017578,66.5850238353014,84.2090072631836,94.7401124984026,90.60488884150982,80.60852026194334,75.65348052978516,78.2892826795578,86.76777619495988,77.98884595930576,79.20418627560139,84.43502001464367,87.05998229980469,87.31285120546818,87.76959991455078,86.08483123779297,82.64900970458984,306444.37109375,261137.88671875,235454.7109375,204012.666015625,184312.208984375,164331.955078125,140911.548828125,122884.9453125,108013.216796875,95266.92578125,74152.7744140625,57036.8798828125,42645.2509765625,30157.9453125,19090.6484375,13979.46875,9112.794921875,6764.7275390625,4470.07666015625,2224.7392578125,31.970703125,0.0034026801586151,0.0010852813720703,-0.00797039270401,-0.0002318024635314,-0.0066601634025573,-0.0102641582489013,-0.0606570243835449,-0.2950143814086914,-0.4061317443847656,-0.5017633438110352,-0.5686235427856445,-0.6525154113769531,-0.5445470809936523,-0.4217128753662109,-0.4717445373535156,-0.3229265213012695,-0.0872507095336914,0.0220966339111328,3.345737168755417e-06,-2.503972832339754e-06,-1.0594687120189189e-06,-9.127948572422515e-08,1.8269742050240053e-06,-6.76457418077161e-07,326.6325115504601,356.37369633908094,352.8967944180817,348.83574686010843,337.9100632489469,330.03556777827475,326.3131817861217,326.06684307240846,322.7326862129433,322.0177139424684,23.903622080552623,19.06920098081324,23.719494491815567,18.74440348700184,1.019779321350422,288.8351296072679,303.7525966533487,2.344972859774388e-05,0.0234457387963765,0.0246169695715686,0.0090742942208571,-3.403616891362361e-07,-2.9847535973267933e-07,0.000859519752724,2.056994007830798e-05,394.4634984439834,2590606119.3029046,2664001816.4315352,2550442602.2240663,2665010556.282158,0.1536263746839341,790.0950790975104,-3.537221297745388e-05,-107.94296125356588,-86.29108349811982,-100.16797482818984,4.267177826636065e-05,-310647.71784232365,-360604.867219917,0.0063239528925092,29.348999142925027,5.9408023644285085e-06,7.770553664053129e-06,6.512333001338595e-06,8.68886090907813e-06,1.5195783737784104e-05,302.6015090562811,-7.082492678766274e-06,-9.836224840057404e-06,-9.607103425251991e-06,-6.819744806937657e-07,-1.1709835612180322e-05,-2.2560859575318907e-05,-4.070250054674525e-05,-4.316774714753588e-05,-2.851545196258428e-05,-1.1128028545575023e-05,-1.1346513536832144e-06,2.3337552532615504e-06,4.00853022562023e-06,2.7982118110562755e-06,2.155286217440708e-06,3.49408753710911e-06,2.949263830959055e-06,2.480859779347028e-06,1.97967877650162e-06,1.886518502074653e-06,2.2410983181098683e-06,0.0356913840715074,0.2059793407058814,0.6479911065324213,3.4963733052440698,18.744914571526635,55.47509962839705,56.76100675644221,39.24005285291874,35.45300984922101,31.836431761809404,22.45294819432176,19.228910997200803,26.57763606680874,29.532275912178008,35.417424639230944,41.17914524340531,48.537352512980895,50.36881918308646,53.13130537386505,52.23085641316853,49.72228485815753,306541.85243775934,261118.7487033195,235383.82092842323,204050.26594917013,184255.0268412863,164095.36281120332,140578.15949170126,122639.67012448132,107861.02087655602,95219.8054979253,74369.24442427386,57506.87512966805,43239.97794022303,30798.962136929465,19678.56728150933,14533.994926737552,9645.522570344918,7291.69555967972,4995.807850184777,2755.1487616701243,569.4830134854772,-5.4092328083465705e-05,-0.0007320471819011,-0.0016561249479713,-0.0042331404211115,-0.0019085963731979,0.0004045938555135,0.0009616202833246,0.0009989837393226,0.0101117415052231,0.0156896717815478,-0.0068149289649551,-0.0040589328623411,-0.0172185818684051,-0.0307013800530018,-0.0373781172566394,-0.0351744885266569,-0.0331557341136378,-0.0328024076722964
47,990.139375,19.243513107299805,5.980964488117024e-05,1.2358519597910345e-05,1.6581916497671043e-06,-1.1425561297073727e-06,1.3028500688960776e-05,3.751310487132287e-06,337.23944091796875,359.49688720703125,357.6591491699219,354.6513061523437,350.4356689453125,344.5297241210937,342.3669128417969,342.23760986328125,335.2289428710937,333.8608093261719,18.182865142822266,16.982982635498047,18.172576904296875,16.90170669555664,2.0048036575317383,298.23323822021484,301.3478240966797,0.0009637763723731,0.3227627277374267,0.1856608390808105,0.3640179634094238,6.776070222258568e-06,5.546375177800655e-06,0.0028639882802963,-0.0004348326474428,1638.69921875,2681666176.0,2839585408.0,2677809408.0,2840859136.0,-1.6694412231445312,564.357421875,-0.0001019262708723,-24.38739013671875,-197.5421142578125,-13.29461669921875,-0.0004637334495782,-711152.0,-47863.5,0.1169143915176391,63.147422790527344,0.000313467811793,0.0004113777540624,0.0002677161246538,0.0004020840860903,0.0006697727367281,301.53489238083966,-1.3650453183799982e-05,-1.538851938676089e-05,-1.660772250033915e-05,4.616216756403446e-06,-1.4238146832212806e-05,-4.034748417325318e-05,-4.6820612624287605e-05,-1.048471312969923e-05,2.1588115487247705e-05,4.278041888028383e-05,7.8443787060678e-05,0.0001056725159287,0.0001322703901678,0.0001523657701909,0.0001557643990963,0.000143943936564,0.0001310488441959,0.0001199569087475,0.0001059753121808,9.226449765264988e-05,7.07551371306181e-05,0.0299490131437778,0.2051805700175464,0.6530814170837402,3.5326852798461914,30.455581665039062,61.29741927981377,90.69080349057911,96.06071472167967,87.5537877380848,70.73927307128906,69.24565266445279,72.06578072160482,80.3571769297123,79.19354240596294,83.76980590820312,85.48748044669628,87.81572723388672,88.21491260826588,86.98362731933594,83.80704498291016,81.27806091308594,306359.3046875,260974.125,235279.048828125,203906.68359375,184261.1328125,164302.703125,140868.78515625,122827.8203125,107941.10546875,95192.498046875,74071.404296875,56957.1962890625,42555.2001953125,30041.115234375,18959.466796875,13848.8818359375,8979.5810546875,6629.10546875,4332.208934783936,2085.806640625,-105.64453125,-0.0015370547771453,0.0002725720405578,-0.0011584162712097,-0.0061573982238769,-0.0048310160636901,-0.0011122226715087,-0.1666359901428222,-0.3566961288452148,-0.3489789962768554,-0.3575553894042969,-0.4180793762207031,-0.5103569030761719,-0.4715003967285156,-0.3732385635375976,-0.3347005844116211,-0.2465953826904297,-0.0794477462768554,0.0084438323974609,1.205420748777904e-07,-2.1067944825070805e-06,-3.49513225097788e-07,1.7556217001805583e-06,1.5950898137932768e-06,3.3986819672945e-08,327.60562315781914,356.52002855936684,353.2049290736516,348.91466534932454,338.138903037707,330.37823666731515,326.47597769101463,326.8348738908768,323.8211762825648,323.85928297837575,23.789692490920423,19.076390293582037,23.578711000457407,18.66735997743284,1.0862169365762384,288.0565348307292,305.6984115600586,2.8921415408452357e-05,0.021106465657552,0.0293424447377522,0.0092448234558105,-6.67447845141093e-08,-3.428664058446884e-07,0.0023856699466705,-7.480382919311524e-07,858.4752604166666,2588429516.8,2662593757.866667,2548599534.9333334,2663580646.4,-0.0460762023925781,813.0335286458334,-3.746958100236952e-05,-142.74502360026042,-96.26413981119792,-151.3359822591146,-1.2795378764470418e-05,-346551.3,-544809.9333333333,0.0122278690338134,29.65606520343572,7.283625503381093e-06,8.126751830180486e-06,8.033215999603272e-06,8.682813495397568e-06,1.671301821867625e-05,302.61775959071826,-9.20068317403396e-06,-1.2293076724745334e-05,-9.570311522111296e-06,-2.736089906344811e-06,-9.562835718194643e-06,-2.095414286789795e-05,-4.1066668927669525e-05,-4.33282150576512e-05,-3.080122793714205e-05,-1.4332220113525787e-05,-2.234017786880334e-06,2.1176257481177648e-06,3.5758363083004952e-06,3.1503383070230485e-06,1.6534235328435897e-06,3.020620594422022e-06,2.631366563340028e-06,2.6683400695522624e-06,2.687680535018444e-06,2.671009860932827e-06,2.7667032554745678e-06,0.0356037932137648,0.2046032776745657,0.7003002484639486,3.7417866388956704,20.232105000813803,54.162809022516015,52.81588341792425,40.28616841634115,35.192635070284204,28.559672037760414,22.26163605749607,20.65954652527968,27.14519337962071,30.57273248434067,36.108395134905976,42.5458208317558,46.138574003676574,47.24374847784638,48.747989908854166,47.572808329264326,45.79706200857957,306364.62395833334,260932.5421875,235220.68385416668,203934.1373697917,184215.0381510417,164062.24778645832,140536.420703125,122592.96119791668,107806.36796875,95155.605859375,74290.143359375,57420.7033203125,43154.712174479166,30706.583528645835,19571.904296875,14415.655338541666,9510.6544921875,7147.444075520833,4842.090104166667,2592.2225260416667,399.2475260416667,0.000142083565394,-0.0003368258476257,-0.0032776276270548,-0.0030936519304911,-0.0056488394737243,-0.0029770215352376,0.0086649258931477,0.012236213684082,0.0163550059000651,0.0150594075520833,-0.0100182851155598,-0.0081311543782552,-0.0242439270019531,-0.0451396306355794,-0.0664594650268554,-0.069157346089681,-0.0686588923136393,-0.0726131439208984
48,989.855625,17.597097396850586,4.1182363929692656e-05,-1.933303792611696e-06,8.884500857675448e-06,1.3468803672367358e-06,1.6221658370341174e-05,1.3158579349692444e-05,337.1773376464844,358.967529296875,356.4071655273437,354.3101501464844,349.427001953125,343.51934814453125,342.6224060058594,342.1326904296875,335.2677001953125,333.8570251464844,17.489013671875,16.753433227539062,17.85238265991211,16.768449783325195,1.830322027206421,297.77345275878906,300.9543991088867,0.0010297987610101,0.2201219797134399,0.1808434724807739,0.4619455337524414,7.411930710077286e-06,4.659523256123066e-06,0.0011024922132492,-0.0003723688423633,960.953125,2680264832.0,2836306944.0,2676995840.0,2837517568.0,-1.3270301818847656,526.5537109375,-6.871475488878787e-05,-6.56329345703125,-190.18505859375,-7.481689453125,-0.000368632376194,-684664.5,-26933.5,0.056658387184143,62.39656639844179,0.0002963454462587,0.0002718856558203,0.0002860496751964,0.0003004232421517,0.0005864948034286,301.6685481284981,-1.2423086445778608e-05,-1.239634002558887e-05,-1.5907047782093287e-05,7.400172762572765e-06,-2.324895467609167e-05,-4.091110895387829e-05,-4.106818232685328e-05,-2.5016488507390022e-06,2.450135070830584e-05,4.706287290900946e-05,6.657373160123825e-05,0.0001022026408463,0.000135037000291,0.0001490372233092,0.0001425599912181,0.0001385731156915,0.0001294413814321,0.0001179075334221,0.0001067181583493,9.005260653793812e-05,6.599852349609137e-05,0.0307118818163871,0.1815873384475708,0.7057977318763733,4.335389137268066,26.943403244018555,59.533538818359375,95.6406629383564,92.6192626953125,75.60514793545008,69.93175494298339,60.80731379240751,64.83490753173828,79.67524036765099,79.1343160495162,81.59841918945312,83.55996744334698,85.007080078125,85.8392562866211,86.41226196289062,84.44457244873047,82.71587371826172,306365.62890625,260916.640625,235156.7890625,203857.203125,184223.861328125,164266.166015625,140765.474609375,122758.5859375,107896.751953125,95152.822265625,74022.001953125,56886.9052734375,42460.3232421875,29938.65625,18848.1123046875,13730.203125,8855.9267578125,6502.7978515625,4203.40380859375,1955.9716796875,-233.720703125,0.0003066062927246,0.0032489895820617,0.0005663633346557,-0.0026003122329711,0.0064729452133178,-0.006087303161621,-0.1457726955413818,-0.2268652915954589,-0.2071342468261718,-0.2476644515991211,-0.3157978057861328,-0.4914798736572265,-0.5961036682128906,-0.5109777450561523,-0.2517471313476562,-0.1388206481933593,-0.0497322082519531,0.0073938369750976,-5.716649295881477e-07,-2.385753463444563e-06,-1.7074122813184636e-06,2.230525378683296e-06,-7.209833069630981e-07,-1.5581226672541145e-06,328.48389356462786,356.79500965260866,353.4103365221459,349.16518349865163,338.8637920949469,331.03362483107696,327.15750232079216,327.48471129484693,325.1848857373123,324.83527387721904,21.88571873746225,17.4064961750354,21.79071870093771,17.210910152288392,1.0628257804720265,287.5432221345387,305.7863014822679,3.587581310034787e-05,0.0244096779724374,0.0300462414120242,0.0085376090528559,-1.496221885641581e-07,-2.850561993992675e-07,0.0008022651632791,2.2384001877298e-05,272.3308480290456,2587787888.5975103,2662742055.3029046,2548896626.7219915,2663694160.7302904,0.0504756943318853,757.8529240145228,-3.234029909850898e-05,-69.22379084543569,-89.21581524734181,-92.6672778624222,1.402404854901104e-05,-321177.2614107884,-333601.09958506224,0.0132958344898777,29.971961437666565,1.1415897068640996e-05,7.101578089211492e-06,9.96461053112236e-06,8.8617700264167e-06,1.882412374266945e-05,302.6249732736585,-7.487901127066355e-06,-1.2281601857278048e-05,-1.1941983221539325e-05,-3.8840547126729455e-06,-9.648936256743134e-06,-1.804980522319211e-05,-4.119055511824075e-05,-4.19657507378036e-05,-3.053113543795599e-05,-1.5747652261583636e-05,-2.4577544777967128e-06,3.7869237579745375e-06,2.0072986738934063e-06,1.6837346046792027e-06,3.959560434476963e-07,1.7858409859951106e-06,1.666357323403675e-06,1.5482928650260466e-06,1.5423629293797915e-06,1.950829997040424e-06,2.403131056252357e-06,0.0344729438053127,0.1757177698167033,0.7056262726698427,3.918755183081409,21.398228237243117,52.41181901480647,51.09833570362621,43.44550274838056,36.25386383548317,28.776201520223346,22.920093559377914,22.418483021842988,27.588457548272064,30.6990649423164,37.75286453888129,42.33857567330119,45.13030067543766,46.63649394205497,48.36796056976952,47.82651093936065,46.55114871040914,306457.2279564315,260907.554719917,235109.3210580913,203864.8523080913,184209.6532676349,164063.869813278,140506.01478215767,122551.7270487552,107753.02359958508,95095.057313278,74204.59002204357,57317.24957857884,43038.60303747407,30575.4887999222,19429.82520746888,14266.768218360996,9353.53700401971,6986.979204486514,4678.877660221084,2426.805660010373,232.7428520487552,0.0004472104345614,0.002196543938886,0.0012168528133408,0.0008318609716486,-0.0050023492441137,-0.0007940174633041,0.0070431143416408,0.0121318017793394,0.0176062326708275,0.0224692316965443,0.00459567343051,0.0212380975113864,0.019095773024183,-0.0028494403570024,-0.0365401382762861,-0.05106887975669,-0.0526735020870984,-0.05768069192087
49,990.280625,17.851476669311523,4.217627065372653e-05,-1.1610624824243132e-05,1.0312000995327251e-05,5.178102583158761e-06,6.457174094975926e-06,1.3205789400672074e-05,336.7152404785156,358.3898010253906,356.3153076171875,354.63037109375,349.3775634765625,343.2255859375,342.3494873046875,341.7191467285156,334.9643859863281,333.47247314453125,20.72812271118164,18.917598724365234,20.813241958618164,18.785903930664062,1.8523123264312744,297.93260955810547,300.9209213256836,0.0006765965372323,0.1605342626571655,0.183929443359375,0.3654022216796875,4.916219040751457e-06,2.692802809178829e-06,0.0003392249345779,-0.0002323165535926,539.28515625,2685227136.0,2837640960.0,2683657984.0,2838853760.0,-0.964008331298828,529.7021484375,-6.881062290631235e-05,-5.34906005859375,-171.066162109375,-4.0982666015625,-0.0002677729353308,-615838.75,-14753.25,0.0546714067459106,60.94669538736344,0.0001732767559587,0.000218884088099,0.0001879446208477,0.0002096616663038,0.0003976048901677,301.7284013940654,-8.332659490406513e-06,-7.900904165580869e-06,-2.185662742704153e-05,-7.049820851534605e-07,-1.623724529054016e-05,-3.4846802009269595e-05,-4.070199793204665e-05,-1.1290714610368012e-05,9.127834346145391e-06,3.978691529482603e-05,6.240769289433956e-05,9.68624372035265e-05,0.0001317956484854,0.0001521065132692,0.0001440377673134,0.0001369370147585,0.0001308894716203,0.0001252167858183,0.0001132965553551,9.29798698052764e-05,6.786838639527559e-05,0.0343230068683624,0.1632675528526306,0.6635620594024658,4.515414237976074,24.259105682373047,53.42671203613281,94.62147519737482,82.4684440344572,61.173316955566406,64.34227752685547,57.817329581826925,58.85687310248613,74.15189273282886,76.08003234863281,78.04757604002953,81.2333755493164,84.12415313720703,85.77503204345703,87.37281812727451,85.90213775634766,83.48516082763672,306680.203125,261119.20703125,235201.740234375,203840.1171875,184300.791015625,164281.931640625,140774.177734375,122802.408203125,107945.197265625,95192.5078125,74056.736328125,56907.115234375,42471.6650390625,29943.2880859375,18846.3623046875,13725.779296875,8852.1455078125,6500.28759765625,4202.180726051331,1954.1259765625,-239.5185546875,-0.0002974867820739,-0.0011705160140991,0.0017359256744384,0.0032503008842468,-0.0005262494087219,0.0241827368736267,-0.0522303581237793,-0.1003627777099609,-0.06671142578125,-0.1141586303710937,-0.1549415588378906,-0.2766704559326172,-0.3782691955566406,-0.3818645477294922,-0.3017749786376953,-0.1958389282226562,-0.0667381286621093,-0.001051902770996,-1.0812993034917118e-06,-1.442101071311037e-06,-3.264820835345572e-06,3.577381233255591e-07,-1.280851137007433e-06,3.016030383846264e-07,328.63558065891266,356.82269191741943,353.1497843583425,349.1758766571681,338.9730257193248,330.92816319465635,327.3173653920492,327.4802411397298,325.1409083763758,324.68583567937213,21.89878742226089,17.25353884102272,21.45603458879826,16.730658196719983,1.0245938579530047,288.5284673055013,303.9900258382161,4.6693533658981326e-05,0.0198707501093546,0.02590913772583,0.0063557942708333,-6.88868264357249e-08,-1.524730275074641e-07,-0.000624269247055,1.326724886894226e-05,-197.7390625,2594528307.2,2671361561.6,2557736763.733333,2672291763.2,0.1196662902832031,875.1234049479167,-2.8760500329857076e-05,1.8418212890625,-74.49050699869791,-1.30428466796875,3.324064115683238e-05,-268166.43333333335,-4695.3,0.0074868996938069,30.723594018258154,1.411261036992073e-05,4.619732499122619e-06,1.2969970703125e-05,4.500523209571838e-06,1.7475833495457967e-05,302.62486465644497,-6.4425170421600345e-06,-9.952462278306484e-06,-1.2130930554121732e-05,-4.10394665474693e-06,-1.1151552704783778e-05,-2.040719264186919e-05,-3.986395119378964e-05,-4.020903337125977e-05,-2.9136892408132556e-05,-1.6694461616377037e-05,-2.390254909793536e-06,4.615782139201959e-06,1.251619930068652e-06,1.103376659254233e-06,5.765352398157119e-07,1.744475836555163e-06,1.5526854743560156e-06,1.7385386551419893e-06,2.0917427415649097e-06,2.177300242086252e-06,2.0475747684637705e-06,0.0329453925291697,0.1636734366416931,0.6510518868764241,3.7682401657104494,22.250211842854817,50.17701416015625,51.20644384473562,45.05199187720815,34.493456522623696,28.80838891742751,22.458568469186623,21.29568429142237,28.403769265611967,31.17122599283854,38.31388148665428,43.0099858601888,46.99106597900391,49.20583924800157,52.5046286046505,53.13269331802925,52.175546995053686,306651.26901041664,261054.8591145833,235183.0459635417,203886.27955729168,184228.5114583333,164084.79869791667,140532.82109375,122575.70755208332,107783.81145833334,95126.57434895834,74230.00572916666,57332.68203125,43050.13951822917,30584.310872395832,19439.724934895832,14278.030794270831,9367.334309895834,7002.655501302083,4696.936197916667,2447.6548828125,255.8063802083333,0.0008044759432474,-0.0003036220868428,0.0010138511657714,0.0019050002098083,-0.0008761803309122,-0.0001958727836608,-0.0019960403442382,0.0036301930745442,0.0110347747802734,0.022205098470052,0.0217460632324218,0.0260936737060546,0.0167294820149739,-0.0068607330322265,-0.0150747934977213,-0.0196017583211263,-0.018434715270996,-0.0216694513956705
50,991.56625,18.88004875183105,2.779201531666331e-05,-1.3701639545615762e-05,2.9533225642808247e-06,1.3716288549403544e-06,6.567994205397554e-06,1.2949811207363382e-05,336.5805358886719,357.89569091796875,355.62664794921875,354.5464782714844,349.2607421875,344.1427307128906,341.6043701171875,341.9485778808594,335.3185119628906,333.8964233398437,20.7974796295166,18.909099578857425,20.75443649291992,18.91347885131836,1.8310248851776123,298.1104202270508,300.9422302246094,0.0005540633574128,0.107698917388916,0.1862726211547851,0.2745628356933594,4.78012952953577e-06,1.3400567695498466e-06,0.0001297742128372,-0.0002997741103172,174.984375,2686275456.0,2840277632.0,2684504064.0,2841399168.0,-1.1635665893554688,608.6572265625,-6.660935468971729e-05,-7.8292236328125,-163.03692626953125,-4.9761962890625,-0.0003232173621654,-586936.5,-17913.5,0.0445282459259033,61.58110809326172,0.0001202910207211,0.0001585888676345,0.0001539124641567,0.0001678559929132,0.0003217500634491,301.97948994767773,-5.8865261962637305e-06,-1.2868084013462068e-05,-2.2376887500286106e-05,-2.15924228541553e-06,-8.986811735667288e-06,-2.791006409097463e-05,-4.1740480810403824e-05,-1.917371992021799e-05,9.934126865118742e-06,3.65858431905508e-05,6.266741547733545e-05,9.208853589370848e-05,0.0001291278749704,0.0001532352762296,0.000155477435328,0.0001459923805668,0.0001354191917926,0.0001297213602811,0.0001202425919473,9.899074211716652e-05,7.27588776499033e-05,0.0350469164550304,0.1774663627147674,0.6189425587654114,3.81172227859497,24.265012741088867,47.871501475572586,94.24046324938536,79.31345300376415,52.84507830440998,62.51136737316847,57.67798599228263,62.98822920024395,70.8140946701169,75.36316680908203,79.52525316923857,82.61445559561253,84.27331578731537,85.64818572998047,88.50113677978516,87.88113397359848,84.55995939671993,306608.98828125,261120.20703125,235262.150390625,203888.435546875,184376.048828125,164310.431640625,140779.240234375,122835.068359375,107993.662109375,95250.580078125,74111.2724609375,56963.00390625,42530.3408203125,29999.3271484375,18894.85546875,13775.12109375,8901.486328125,6549.7119140625,4251.6123046875,2003.9892578125,-191.0458984375,0.0009366571903228,-0.0033293068408966,0.0059714913368225,-0.000131607055664,-0.0038278698921203,-0.0082030296325683,-0.020484447479248,-0.0663399696350097,-0.0211210250854492,-0.0202140808105468,-0.1061305999755859,-0.2186117172241211,-0.2848157882690429,-0.327183723449707,-0.3464765548706054,-0.2304420471191406,-0.0803060531616211,-0.0067043304443359,1.8637090809526157e-07,-9.523983894437852e-07,-2.536941142555413e-06,8.049667216572058e-07,-2.345660702963992e-06,1.4683178138755192e-06,328.6991628726324,356.5346266110738,352.8251552899679,348.8246964057287,339.022966893514,330.98559807141623,327.3720424016317,327.2108790953954,324.5193936665853,324.2438045024872,22.363768194864196,17.611941548861797,21.656374111709496,16.829933303498546,1.0219727364567612,289.6302134195964,302.20628560384114,4.7715691228707634e-05,0.0174217065175374,0.0261578559875488,0.0053948720296223,-7.927883416414262e-08,-6.17389256755511e-08,6.696780522664388e-05,1.65139635403951e-05,66.61119791666667,2598968354.133333,2676948898.133333,2563189282.133333,2677875899.733333,0.133276621500651,934.7996744791668,-2.9429075463364523e-05,2.765327962239583,-72.44075520833333,4.07445068359375,3.701796134312947e-05,-260787.25,14667.9,0.0065203746159871,31.182164510308453,1.4502120514710744e-05,3.949335465828578e-06,1.325512615342935e-05,3.6564345161120096e-06,1.6913314660390218e-05,302.61102571212706,-5.750948912464082e-06,-8.410634472966194e-06,-1.114590559154749e-05,-4.201442546521624e-06,-1.1483190852838258e-05,-2.191592842185249e-05,-3.878020603830616e-05,-3.8150612575312455e-05,-2.8857251163572072e-05,-1.7238260867695013e-05,-2.0274659618735317e-06,4.739504462728898e-06,1.081661321222782e-06,1.7085112631320952e-07,4.104416196544965e-07,1.4567902932564418e-06,1.6929271320501963e-06,1.387003188331922e-06,1.286234085758527e-06,1.5373186518748602e-06,1.3842713087797164e-06,0.0319776110351085,0.1748057385285695,0.6577293829992413,3.6520960172017416,22.615165006617705,48.29012452065945,51.41607197672128,46.83102686839799,31.61835646480322,28.54461644589901,22.16274092718959,21.54649692525466,29.227093208332857,31.5219487508138,38.21898117562135,43.72070929103841,49.18606280597548,52.223748143638176,56.713917101640256,58.789433601188165,57.754311505580944,306641.59869791666,261057.36119791667,235231.12981770837,203914.213671875,184252.045703125,164095.79153645833,140543.65533854166,122590.673828125,107809.04830729168,95162.45234375,74274.98450520834,57374.7958984375,43094.59446614584,30634.556315104168,19501.60794270833,14346.620963541667,9443.878059895833,7083.903190104166,4783.40390625,2539.8914713541667,352.70813802083336,0.0008188366889953,-0.0007153650124867,-0.0011222799619038,0.0004688700040181,-0.0017281174659729,-0.0015786091486612,-0.0083841800689697,-0.0053725878397623,0.0002948760986328,0.0066633860270182,0.0165582656860351,0.0181297938028971,0.0067330678304036,-0.0176960627237955,-0.0120720545450846,0.0098416010538736,0.0179623921712239,0.0175783157348632
51,989.55,19.476261138916016,2.2115917090559375e-05,-6.833974111941643e-06,4.219194124743808e-06,5.560958925343584e-06,-9.424938980373554e-07,1.1526680282258894e-05,337.0590515136719,357.3144836425781,354.99249267578125,353.6746520996094,348.94610595703125,344.5401611328125,342.1456298828125,343.1056213378906,335.60479736328125,333.3507080078125,20.886669158935547,17.598310470581055,20.756895065307617,17.542495727539062,1.946118950843811,298.5632400512696,300.8949279785156,0.0008997125551104,0.0806186199188232,0.1480443477630615,0.168710708618164,1.1853408068418505e-06,3.0311057344079018e-06,0.0011154860258102,-0.0004302822053432,286.52734375,2682425088.0,2837838976.0,2681675648.0,2839007360.0,-1.6526222229003906,760.26904296875,-7.73725041653961e-05,-15.0076904296875,-188.9019775390625,-14.3179931640625,-0.0004590451717376,-680045.75,-51547.0,0.0551813840866088,62.14488220214844,0.0002797339111566,0.0001886179670691,0.0002499248366802,0.0001961467787623,0.0004460467025637,302.27749646775266,-5.13395934831351e-06,-1.2511503882706164e-05,-1.05447688838467e-05,1.2696837075054646e-06,-1.021090429276228e-05,-2.980600402224809e-05,-4.921044455841184e-05,-3.221520455554128e-05,1.2163014616817236e-05,3.223342355340719e-05,6.798561662435532e-05,9.64159844443202e-05,0.0001218966208398,0.0001544946571812,0.0001519751967862,0.0001417736057192,0.0001362345647066,0.0001370550598949,0.000126444385387,0.0001056409673765,7.712491787970066e-05,0.0321134328842163,0.2116055623628199,0.5352737307548523,3.9601262602955103,29.52953338623047,59.688697814941406,96.47100830078124,82.22392947971821,50.04080937802792,54.45349062979221,52.8328683078289,62.25843673944473,73.39172357320786,78.96408835053444,82.12938693910837,81.83396965265274,83.05731201171875,86.37403893470764,91.02333068847656,89.6231689453125,85.98995971679688,306136.46484375,260713.109375,234962.6171875,203521.076171875,184049.107421875,164078.564453125,140595.546875,122650.63671875,107832.662109375,95107.443359375,73963.0927734375,56800.703125,42368.6435546875,29835.9951171875,18736.296875,13620.2529296875,8746.927734375,6394.486328125,4095.86328125,1846.519287109375,-348.103515625,0.0001110136508941,-0.0013724863529205,-0.0014076828956604,0.0058363676071166,0.0011420249938964,-0.0335447788238525,-0.0530657768249511,-0.1182174682617187,-0.0852346420288086,-0.1024017333984375,-0.1653671264648437,-0.2056303024291992,-0.2844448089599609,-0.3437137603759765,-0.4168930053710937,-0.2985744476318359,-0.1097908020019531,-0.0256328582763671,6.417635800680504e-07,5.56766459057038e-08,-2.2549812291373667e-06,2.111007014851673e-06,-2.710081411293891e-07,2.22052912319734e-06,329.3391464074453,356.13207085927326,352.2595405101776,348.45121115048727,339.1055816332499,331.26847712993623,327.5953048070272,327.16368018786113,324.29058904647826,324.4601440270742,22.461524269388367,17.35656021491159,21.87713070207586,16.523085032120193,1.051010630748351,291.4921909689903,300.5677429199219,6.170272827148438e-05,0.0176666577657063,0.0356754779815673,0.0151418685913085,1.861558606227239e-07,-3.052021687229474e-07,0.0012732774019241,1.3624131679534911e-05,493.17005208333336,2602510557.866667,2684162525.866667,2570276326.4,2685102865.0666666,0.0130457560221354,1090.1719401041669,-3.1889911042526364e-05,-0.0015462239583333,-80.86732177734375,-0.0017862955729166,3.631040453910828e-06,-291121.76666666666,-7.133333333333334,0.0121451457341512,32.65029938748727,1.949469248453776e-05,1.58254678050677e-05,1.7140634978810945e-05,1.6044204433759052e-05,3.318339586257935e-05,302.60654679678686,-6.6125425898159545e-06,-8.242689849187931e-06,-1.085891368954132e-05,-3.9065334325035415e-06,-1.0332639794796703e-05,-2.3096331278793514e-05,-3.7820780805001655e-05,-3.506568803762396e-05,-2.7851519795755542e-05,-1.7328521547218164e-05,-2.467057978113492e-06,2.8166454285383224e-06,1.686997711658478e-06,-1.228701633711656e-06,1.847976818680764e-07,9.55304130911827e-07,7.703745116790135e-07,1.69073852399985e-07,2.699981754024824e-07,5.948745335141818e-07,1.1200007672111194e-06,0.0323301076889038,0.1903475271576705,0.6649988691012064,3.690776043944061,24.085970052083333,49.62650032440821,54.59686189045509,47.652059604227546,31.534644823769728,31.27228173911572,23.813946316639584,24.448803408940638,32.09307545075814,33.237733484307924,39.70336630592744,46.73387409349282,53.33642590890328,56.93813881377379,62.88297151128451,66.43334782173237,64.50408952236175,306194.46380208334,260677.4872395833,234888.2609375,203592.68138020832,183966.4208333333,163831.26471354166,140300.916796875,122365.505078125,107602.26809895832,94974.54830729168,74099.9017578125,57201.39811197917,42930.86126302083,30482.5408203125,19365.52903645833,14218.8599609375,9325.116080729167,6969.642643229166,4673.329752604167,2434.300146484375,251.3064453125,0.0007627288500467,-0.0004364967346191,0.0018162369728088,0.0004967292149861,-0.0026421149571736,-0.0038572867711385,-0.0068762461344401,-0.0078909556070963,-0.003871472676595,-0.0030060450236002,-0.0115194956461588,-0.0259893417358398,-0.0337858835856119,-0.0403532663981119,-0.0174725850423177,0.008473523457845,0.0212479909261067,0.0223440170288085
52,989.71125,18.31092643737793,4.39127252320759e-05,-1.929869540617801e-06,2.773082087514922e-06,6.506414138129912e-06,3.837396434391849e-06,2.08252708944201e-06,337.3759155273437,356.7703857421875,354.5629272460937,352.7623291015625,348.27227783203125,344.0007629394531,341.5040283203125,344.47637939453125,335.5276794433594,332.6304626464844,19.227447509765625,17.251924514770508,19.57469940185547,17.560083389282227,1.9715232849121092,298.6681289672852,300.89359283447266,0.0014597019180655,0.134411334991455,0.1801860332489013,0.2230992317199707,2.7045607566833496e-06,-5.090842023491859e-07,0.0006754845380783,-0.0006756028160452,-145.6171875,2680427264.0,2837074048.0,2679531392.0,2838200960.0,-2.6789588928222656,765.7236328125,-8.884209091775119e-05,-21.50042724609375,-226.5126953125,-21.29541015625,-0.0007441584020853,-815446.5,-76659.5,0.0869100093841552,62.63859343528748,0.0004399390891194,0.0001806775107979,0.0004054741002619,0.0001610359176993,0.0005665109492838,302.4349895750923,-8.126895409077406e-06,-4.561356035992503e-06,-1.0014540748670696e-05,-1.6271660570055246e-06,-1.0362782632000744e-05,-3.068786463700235e-05,-3.566616214811802e-05,-3.710383316501975e-05,5.872570909559727e-07,1.243269070982933e-05,5.215243436396122e-05,8.616095874458551e-05,0.000104516511783,0.0001192929921671,0.000130423111841,0.000128912855871,0.0001275112153962,0.0001250589266419,0.0001198914833366,0.0001030438579618,7.971480954438448e-05,0.0289167314767837,0.2050976306200027,0.6469594836235046,3.508455753326416,27.772125244140625,65.25171102583408,93.14801008999348,90.01262664794922,54.37211077660322,49.534505266696215,54.916878305375576,63.88704635202885,72.50558472052217,85.20677204430103,84.80958540737629,82.83234405517578,85.90666198730469,88.68728637695312,92.03267669677734,89.57887268066406,85.5966796875,306059.61328125,260667.9296875,234888.59765625,203475.8359375,183892.87109375,163914.224609375,140463.51171875,122513.955078125,107721.400390625,95014.99609375,73909.5673828125,56778.5986328125,42354.869140625,29826.751953125,18740.697265625,13631.3916015625,8764.64697265625,6414.73046875,4117.34765625,1868.369384765625,-326.6962890625,0.0004540383815765,-0.0080254077911376,-0.0027706027030944,0.0022512078285217,-0.0011051297187805,0.0090152025222778,-0.0786154270172119,-0.2416839599609375,-0.219085693359375,-0.2293586730957031,-0.3260631561279297,-0.336191177368164,-0.350250244140625,-0.39434814453125,-0.3693389892578125,-0.2380857467651367,-0.0801568031311035,-0.0127735137939453,-2.537247694631324e-06,2.208628612473488e-06,-1.2691351354950202e-06,3.2398476530635006e-06,4.948265869013137e-07,1.7145617643285711e-06,329.38066506385803,356.11270225048065,352.3288816054662,348.5226233800252,339.302739350001,331.40847879250845,327.8167782942454,327.15587361653644,323.7669829368591,323.7929042736689,23.432089971750976,18.35141449724324,22.846034401717286,17.431327184148056,1.0355873000407885,291.3780107696851,299.5876810709635,8.8462233543396e-05,0.0194583336512247,0.0460590362548828,0.0122855186462402,1.4608570684989292e-07,-2.0023435354232787e-09,-0.0001018106937408,3.13006341457367e-05,97.28619791666668,2606342297.6,2690966365.866667,2576504712.5333333,2691969843.2,0.0991175333658854,1099.7430013020833,-3.34942228316019e-05,-1.6492879231770834,-84.65246175130208,-1.05947265625,2.752977112929026e-05,-304748.06666666665,-3814.1,0.0138399680455525,33.83851762538155,2.253266672293345e-05,1.0839663445949554e-05,2.4573101351658504e-05,1.3131462037563323e-05,3.770592932899793e-05,302.559266216987,-5.412064880753557e-06,-1.0375901668642958e-05,-7.31664476916194e-06,-4.199938848614692e-06,-1.0372957331128418e-05,-2.335079285937051e-05,-3.848885341236989e-05,-3.531760691354672e-05,-2.8475808600584667e-05,-1.7502383949855965e-05,-2.446537837386131e-06,3.3329085757335028e-06,5.1425149043401085e-06,1.9293588896592457e-06,8.907169103622436e-07,1.183385029435158e-06,8.302507922053337e-07,2.4453426400820414e-07,-3.365799784660339e-07,-3.8006498167912163e-07,5.0151720643043526e-08,0.0330853054920832,0.1919786324103673,0.6483561724734803,3.6247348467508953,24.005698142697412,50.32719875027736,54.95831778657933,47.093847860892616,30.90755284403761,31.129978993783396,24.754906215767065,28.11155926634868,36.32219058101376,35.76619989896814,41.78205560545127,48.331407048056526,55.97697996776551,61.05309456288815,67.98785349527995,70.85513399392366,68.4145439580083,306159.45546875,260610.51666666663,234851.58684895837,203500.8296875,183841.6358072917,163725.25247395833,140197.85716145832,122260.87942708332,107497.0296875,94866.206640625,73985.65826822916,57090.45494791667,42838.43938802083,30408.2919921875,19311.379752604167,14176.220768229166,9292.616471354168,6942.066080729167,4650.5169921875,2415.629150390625,235.1393880208333,-0.0006117502848307,-0.000410105784734,-0.000955190261205,0.0020285725593566,0.0013150811195373,0.0025587081909179,0.0134872436523437,0.0105675061543782,0.0050972938537597,0.0009421666463216,-0.0185417811075846,-0.0332444508870442,-0.0391845703125,-0.0332230885823567,-0.0010481516520182,0.0294216791788736,0.0420507748921712,0.0441482226053873
53,989.74,19.02393341064453,5.622277240036056e-05,-4.690511559601873e-06,3.776317043957533e-06,1.9055747770835296e-06,1.5742506320748362e-06,2.829083086908213e-06,336.6689758300781,357.0762939453125,354.8902587890625,352.61431884765625,348.2953796386719,345.4266357421875,341.69384765625,343.7815856933594,336.231201171875,333.6199035644531,19.33700180053711,17.751232147216797,19.949779510498047,18.296890258789062,1.9222031831741333,298.3720016479492,300.6630096435547,0.0016596419736742,0.1609463691711425,0.1776889562606811,0.2038273811340332,3.719411324709654e-06,7.811468094587326e-07,0.0001009255647659,-0.0004375092685222,-230.7109375,2678606464.0,2837114880.0,2676149760.0,2838272768.0,-2.6827468872070312,562.13916015625,-9.523879271000624e-05,-26.47509765625,-248.9511108398437,-26.8221435546875,-0.0007452024146914,-896219.25,-96564.25,0.1036123037338256,63.38273824751377,0.0004347180947661,0.0002145785838365,0.0004610123578459,0.0001769736409187,0.0006379857659339,302.5167639546804,-2.587898052297533e-06,-1.201275154016912e-05,-4.1211460484191775e-06,-4.758418072015047e-06,-1.0688527254387736e-05,-3.288926382083446e-05,-2.917554229497909e-05,-3.9073871448636055e-05,-9.582261554896832e-06,8.883187547326088e-06,4.741409793496132e-05,8.181319572031498e-05,0.000100351171568,0.0001217200187966,0.000126983388327,0.0001311290543526,0.0001334877451881,0.00012919283472,0.0001171244075521,0.0001001608325168,7.926404941827059e-05,0.0311275944113731,0.236551821231842,0.6672055125236511,3.59640140645206,26.857234954833984,56.77430449426174,96.0738525390625,93.11361675709486,61.12330066040158,52.16733039915562,59.69891561567784,72.86742374300957,74.47232818603516,81.90088653564453,84.86558532714844,86.25574493408203,88.17252349853516,89.52652740478516,92.64095306396484,89.3132095336914,85.29955291748047,306333.8203125,260751.93359375,235157.396484375,203664.447265625,184044.576171875,163975.728515625,140499.2421875,122533.826171875,107733.58203125,95027.83203125,73950.2998046875,56836.2314453125,42420.0341796875,29895.228515625,18799.544921875,13688.5322265625,8824.7392578125,6477.064453125,4182.419921875,1936.8994140625,-255.29443359375,-0.0022362172603607,0.0047687888145446,-0.011148065328598,-0.0007961988449096,-0.0013706684112548,0.0221471190452575,-0.0675408840179443,-0.2279233932495117,-0.1970911026000976,-0.2012109756469726,-0.2205924987792968,-0.277383804321289,-0.2354116439819336,-0.1885700225830078,-0.1809864044189453,-0.1309652328491211,-0.0343451499938964,0.011331558227539,-4.45023682197875e-06,2.170974472541628e-06,-3.209576403825678e-07,3.661669549088221e-06,-5.060919430870577e-09,7.560012435410546e-07,328.344439347585,356.1506413857142,352.2010005156199,348.24572685559593,339.05327661037444,331.3247687498728,327.6897104263306,326.924613237381,323.37867124875385,323.1378632068634,24.76325492883722,19.47518836664967,24.345142106090982,18.86856135193569,1.0571611740289275,291.7065846761068,301.012412516276,4.81600562731425e-05,0.0178758939107259,0.048630142211914,0.0101607004801432,1.809520957370599e-07,3.3907902737458545e-08,-0.0011178294817606,-1.9185245037078857e-06,-331.9348958333333,2609869422.9333334,2694957457.0666666,2580607522.133333,2696014301.866667,0.0653475443522135,1033.6105794270834,-3.858377264502148e-05,-33.07256266276042,-91.35827229817708,-21.954215494791665,1.815600941578547e-05,-328889.35,-79035.78333333334,0.0152535438537597,34.02433947063982,1.2366318454345068e-05,1.3240892440080642e-05,1.3377067322532336e-05,1.1449679732322691e-05,2.482639004786809e-05,302.61827799479164,-4.836427009043594e-06,-1.0028258354092635e-05,-6.579587352462113e-06,-2.4313010120143494e-06,-9.92791804795464e-06,-2.1823905990459024e-05,-3.927227420111497e-05,-3.78581074376901e-05,-2.8836280883600317e-05,-1.607535717387994e-05,-2.591001490751902e-06,3.809287833670775e-06,5.774727712074916e-06,1.8887920305132864e-06,1.2468003357450166e-06,1.5371634314457575e-06,4.129329075415929e-07,-2.2249296307563785e-07,-3.499599794546763e-07,-6.803854679067929e-07,3.3799248437086746e-08,0.0333749597271283,0.1924691796302795,0.6796546536963433,3.5009922875091437,21.55754877726237,46.05757694368561,49.39157562690477,42.17667512955765,29.487304466155667,30.340083128213884,24.410765818754832,29.63469369163116,37.47311374247074,36.44329681371649,42.66924845377604,48.51154220029712,55.77772165934245,60.65203328020871,67.11711570148667,67.76349808722735,64.87289589568972,306305.67239583336,260754.54557291663,235019.800390625,203663.7723958333,183956.05911458333,163780.5484375,140210.8515625,122258.458984375,107497.34375,94872.48229166666,74003.44055989584,57119.893294270834,42879.25983072917,30459.545703125,19374.062890625,14244.90224609375,9365.8810546875,7017.270670572917,4727.525032552084,2493.0347981770838,311.96448567708336,0.0002604722976684,0.0005335132280985,-0.0004560788472493,0.0005797386169433,-0.0007196346918741,0.0023241718610127,0.0200738271077473,0.0187076568603515,0.0136652628580729,0.0042715072631835,-0.019545300801595,-0.020065689086914,-0.0305629730224609,-0.0374343872070312,-0.0245207468668619,0.0039750417073567,0.0221454938252766,0.0280731201171875
54,990.440625,19.49461936950684,5.2290975872892886e-05,-7.353233741014264e-06,-1.1264279464739957e-06,-3.0177534426911734e-07,-1.0700657639972633e-06,4.163284756941721e-06,337.468017578125,357.68133544921875,354.8475036621094,352.3964233398437,347.07135009765625,345.6072082519531,342.14215087890625,344.196533203125,337.3498229980469,334.40087890625,19.238126754760746,17.547880172729492,19.783111572265625,18.07278060913086,1.970689296722412,298.6327667236328,301.28267669677734,0.0012795459479093,0.1443685293197631,0.1853929758071899,0.1068115234375,3.2467651180922985e-06,5.726469680666924e-07,-0.0002159774303436,-0.0005203308537602,-504.4765625,2679590400.0,2838913536.0,2676274944.0,2840178048.0,-2.297748565673828,599.5517578125,-9.738179505802692e-05,-31.14691162109375,-261.44287109375,-30.4493408203125,-0.0006382633000612,-941195.75,-109619.0,0.0862640142440795,63.70954698324204,0.0004102229140698,0.000185971148312,0.0003554311115294,0.0001699770800769,0.0005254060961306,302.5641661108994,4.297326086089015e-07,-5.033070920035243e-06,-1.3055745512247086e-05,-1.2340315151959658e-05,-1.5105862985365093e-05,-2.5723231374286115e-05,-3.3332034945487976e-05,-5.084864096716046e-05,-1.5854020603001118e-05,5.356967449188232e-06,4.206632729619741e-05,7.412408012896776e-05,9.961490286514164e-05,0.000114707276225,0.0001223762519657,0.0001245022285729,0.0001243938459083,0.0001218181569129,0.0001098050270229,9.744567796587944e-05,7.84856965765357e-05,0.0341208986937999,0.1731188297271728,0.7776172161102295,3.827879905700684,27.45126501470804,53.96557940542698,96.51506808400154,89.76860082149506,59.37779235839844,50.87274159491062,50.357383728027344,73.40463251620531,74.04542444646358,81.06346121430397,86.19270323216915,86.78336334228516,88.28131866455078,90.31873321533205,92.16646575927734,88.1222152709961,83.83956909179688,306585.328125,260820.23828125,235077.31640625,203730.509765625,184155.26953125,164118.8515625,140628.88671875,122628.427734375,107823.431640625,95119.1796875,74047.482421875,56929.09765625,42510.396484375,29974.388671875,18868.90576171875,13753.67919921875,8886.69091796875,6537.70947265625,4241.205078125,1993.407470703125,-200.35595703125,-0.0020693242549896,0.0037247836589813,-0.0019648671150207,0.0041733980178833,-0.0024949312210083,-0.0104283690452575,-0.0925536155700683,-0.2438893318176269,-0.1871023178100586,-0.193981647491455,-0.1718912124633789,-0.2088289260864257,-0.2132902145385742,-0.2411298751831054,-0.2513866424560547,-0.2108078002929687,-0.0663027763366699,-0.0023770332336425,-4.664665992935163e-06,2.099944891047085e-06,4.848109373892471e-07,4.075171273824896e-06,1.0491456036746763e-06,1.545633511251347e-07,329.49418094952904,356.3261167208354,352.21424210071564,348.2393021027247,339.2462789773941,331.9030617634455,327.92480676174165,327.60375797748566,324.4040340979894,324.5404360453288,25.5092836620907,19.93846187055266,25.41622281968593,19.89932759255947,1.1424279431055766,292.0865768432617,303.44396921793617,6.0066021978855134e-05,0.0211605866750081,0.0548589626948038,0.009121036529541,3.817762869099776e-07,1.4668330550193788e-08,0.000487270951271,-1.803108801444372e-05,232.46927083333333,2617019665.0666666,2705995648.0,2589151513.6,2707067178.6666665,-0.0716911315917968,973.2107421875,-4.8106522687400384e-05,-117.49929606119792,-117.33490804036458,-115.44830322265624,-1.991509149471919e-05,-422405.45,-415613.1166666666,0.015027109781901,35.57904243059456,1.693035786350568e-05,8.562734971443811e-06,1.6684519747893014e-05,9.043452640374502e-06,2.572980398933093e-05,302.6425540228477,-3.1310356765364607e-06,-1.116882194764912e-05,-7.940452390660841e-06,-2.6212500718732677e-06,-1.0277440499824784e-05,-2.1250845747999847e-05,-3.869001908848683e-05,-3.801629257698854e-05,-2.9408264284332595e-05,-1.5983257132271925e-05,-3.6059956376751264e-06,3.92960694928964e-06,4.840906088550885e-06,2.341701959570249e-06,1.5552233283718429e-06,1.08364038169384e-06,6.395081679026285e-07,-1.8238400419553122e-07,-4.364332805077235e-07,-5.530271058281262e-07,1.909211277961731e-07,0.031997638195753,0.1821388085430953,0.7034605185190836,3.592841657002767,21.40530885308981,44.95584495340784,47.51281821206212,38.404905685285726,28.820138551294804,30.74783186813196,26.00418345133464,33.00890050629775,38.24486910750469,39.341235194603605,45.59815601706505,51.471148793647686,55.26451263427735,58.23963728646437,61.8539896943296,60.32526867712537,57.39867490331332,306540.23333333334,260825.85703125,235083.90260416668,203758.62330729168,184060.56510416663,163884.71536458333,140301.38932291666,122333.335546875,107569.348046875,94944.725,74075.4083984375,57188.97747395833,42945.772200520834,30527.55234375,19445.980436197915,14314.95966796875,9428.325911458332,7072.813899739584,4774.451888020833,2529.6005696614584,340.120703125,-0.0002437323331832,0.0012000540892283,-0.0016544500986735,-0.0025766134262084,-0.0043760021527608,-0.0032817721366882,0.0139219919840494,0.0156689643859863,0.0088353157043457,-0.0019180297851562,-0.0371800740559895,-0.0380958557128906,-0.0506533940633138,-0.0567194620768229,-0.06268310546875,-0.0559258143107096,-0.0495167096455891,-0.0457854906717936
55,989.114375,19.817840576171875,6.063107866793871e-05,-7.092879968695343e-06,7.598418051202316e-06,1.201382929139072e-05,-7.116086635505781e-07,3.033976554434048e-06,338.2836303710937,357.64129638671875,355.207275390625,352.83953857421875,347.123291015625,346.28289794921875,342.95855712890625,345.6422119140625,338.2764892578125,335.1365051269531,19.1201114654541,18.55038833618164,19.85611343383789,19.26453399658203,1.87419867515564,298.4112319946289,301.3792190551758,0.0011280141770839,0.1941604614257812,0.2389988899230957,0.1883449554443359,4.330184310674667e-06,1.0440126061439514e-06,0.0024473518133163,-0.0005797427147626,793.015625,2672878976.0,2834607872.0,2667987072.0,2835940736.0,-2.13421630859375,635.6533203125,-9.219322237186134e-05,-36.051513671875,-227.79937744140625,-39.88238525390625,-0.0005928548052906,-820076.5,-143577.0,0.1157257556915283,64.67072296142578,0.0004105437546968,0.0001822775229811,0.00031333649531,0.00016073230654,0.0004740888252854,302.61775234606137,-1.632055500522256e-06,-5.795271135866642e-06,-9.610943379811944e-06,-9.723124094307424e-06,-1.379108289256692e-05,-2.384893014095724e-05,-3.9506820030510426e-05,-4.679866833612323e-05,-2.337293699383736e-05,1.0943040251731873e-06,3.746675793081522e-05,6.97057694196701e-05,9.446963667869568e-05,0.0001091312151402,0.0001238054828718,0.0001242753351107,0.0001244253944605,0.0001194716896861,0.0001056287437677,9.474949911236764e-05,7.452419959008694e-05,0.0354788899421691,0.1781812310218811,0.7661704421043396,3.4605488777160645,27.16686461865902,64.63230895996094,97.69046020507812,87.3105697631836,59.820330038666725,52.90558108687401,48.94996438920498,74.70465827733278,76.82984161376953,84.8931884765625,88.25228881835938,87.46366882324219,89.31057739257812,90.87074279785156,90.5362319946289,85.8453140258789,82.35774230957031,306380.30859375,260696.78515625,234991.111328125,203628.984375,184030.4296875,164057.876953125,140596.892578125,122582.337890625,107771.6328125,95053.833984375,73974.4951171875,56848.2490234375,42423.03515625,29882.3349609375,18773.1123046875,13655.19873046875,8785.1181640625,6434.7607421875,4136.247960090637,1887.604248046875,-302.88330078125,0.0013552904129028,-0.004396915435791,-0.0015084445476531,-0.0015667676925659,-0.0013657808303833,-0.0071620345115661,-0.1386537551879882,-0.2907571792602539,-0.2584056854248047,-0.3327007293701172,-0.3509769439697265,-0.3637533187866211,-0.3973979949951172,-0.3971729278564453,-0.2931184768676758,-0.2227144241333007,-0.0842189788818359,-0.0291714668273925,-5.8751329564416095e-06,1.81771619529846e-06,9.247353313122236e-07,3.400273633715964e-06,1.3865441453228486e-06,-2.346936591659845e-07,330.24488764603933,356.6841774225235,352.3404205560684,348.3151824951172,339.4872733513514,332.3522893826167,328.4170296748479,328.9133690277735,326.38925334612526,325.7044464270274,26.102248205741247,20.572931220786025,26.35370397940278,20.89638348890779,1.1524946791219313,290.85351206461587,305.05318349202474,0.000102029616634,0.0308367252349853,0.0563257853190104,0.0139866511027018,4.4121406972408295e-08,5.670978377262751e-08,0.00190170109272,-5.71124255657196e-06,740.5455729166666,2609506730.6666665,2699772544.0,2580016759.4666667,2700866338.133333,-0.0691876729329427,929.1455729166668,-4.88367397338152e-05,-130.45729166666666,-125.60177001953124,-148.88216145833334,-1.92129984498024e-05,-452165.8333333333,-535976.0666666667,0.0215567747751871,36.09468078613281,2.884414667884509e-05,9.489369889100393e-06,2.834225694338481e-05,9.297393262386322e-06,3.763847053050995e-05,302.66791027681325,-4.318703819687168e-06,-1.0378786828368905e-05,-1.1639687969970207e-05,-4.810669148961703e-06,-1.1014251504093408e-05,-2.0562354863310853e-05,-3.780910822873314e-05,-3.954410785809159e-05,-2.9304220030705132e-05,-1.5480420552194117e-05,-4.859897308051586e-06,4.249058353404204e-06,4.69829731931289e-06,3.294235405822595e-06,8.172666033109029e-07,1.016367847720782e-06,5.61859148244063e-07,-3.359590967496237e-07,-6.834045052528381e-07,-1.0486536969741186e-06,-1.3270570586125057e-07,0.0310726602872212,0.1789222995440165,0.7215181392772744,3.795844491322835,22.746370206276577,44.2552978515625,46.26297359094024,34.83987262522181,27.446287560462952,30.816293627023697,27.792584645499787,34.72012375195821,39.64453394313653,42.87989009742935,48.45680494358143,49.76989983866612,52.06877799977859,54.76969604492187,57.05777349596222,55.24527890930573,53.002843769391376,306473.87395833334,260692.43932291667,234929.86888020832,203661.934375,184010.7067708333,163851.889453125,140255.16471354166,122268.805859375,107494.79869791666,94866.35638020834,73994.960546875,57103.38821614583,42853.02766927084,30429.946028645834,19337.05911458333,14193.557291666666,9291.416764322918,6928.285286458334,4622.79287109375,2371.877750651042,180.0427734375,-0.0011342525482177,-7.311503092447917e-05,-0.0009735842545827,-0.0003796060880025,-0.0050838748613993,-0.0084620277086893,0.0087510585784912,0.0187944412231445,0.0099595387776692,0.0002905527750651,-0.0357735951741536,-0.0378630320231119,-0.0421766916910807,-0.0536444346110026,-0.0723075866699218,-0.0757038116455078,-0.0718226750691731,-0.0688897768656412
